days.since.hatching	length
0	0.00777497
0	0.008052655
0	0.007998441
0	0.007646166
0	0.007870138
0	0.007789275
0	0.007932331
0	0.007340453
0	0.007598424
0	0.008218617
0	0.008284615
0	0.008414363
0	0.007798701
0	0.009092799
0	0.008209716
0	0.008327643
0	0.008658846
0	0.007671185
0	0.00857479
0	0.008578764
0	0.008259901
0	0.007481158
0	0.008530953
0	0.008376477
0	0.015870673
0	0.00847583
0	0.008270886
0	0.009416671
0	0.00836985
0	0.008955371
0	0.008333071
0	0.007911753
1	0.007787949
1	0.007750097
1	0.0081511
1	0.00809302
1	0.009622534
1	0.007879736
1	0.008374956
1	0.008069174
1	0.008210917
1	0.007450933
1	0.007757923
1	0.009070047
1	0.008490689
1	0.008417946
1	0.007701389
1	0.007786009
1	0.008221899
1	0.00798995
1	0.008744661
0	0.007826615
0	0.007935473
0	0.008385074
0	0.007373279
0	0.00742222
0	0.008667508
0	0.007791631
0	0.007619936
0	0.007780365
0	0.008030709
0	0.008041387
0	0.016340227
0	0.007726602
0	0.007839919
0	0.008596859
0	0.008063687
0	0.00806869
0	0.008060701
0	0.007972567
0	0.008581116
0	0.008279065
0	0.011096533
0	0.010949078
0	0.010067377
0	0.007724765
0	0.008066233
0	0.008335281
0	0.007936733
0	0.007939012
0	0.007425828
0	0.010016586
0	0.007780016
0	0.008154357
1	0.007778501
1	0.008712406
1	0.007927729
1	0.007773748
1	0.008571977
1	0.008505345
1	0.007989551
1	0.008046736
2	0.008512787
2	0.00801294
2	0.008174467
2	0.007940373
2	0.008505932
2	0.008483591
2	0.007899936
2	0.008206211
2	0.008778572
2	0.010673322
2	0.008905741
2	0.008564298
2	0.008287302
2	0.00868999
1	0.00824109
1	0.007971168
1	0.008565085
1	0.008136195
1	0.008410151
1	0.008472475
1	0.007965828
0	0.008330189
0	0.008357809
0	0.008598384
0	0.008442873
0	0.008846271
0	0.008706846
0	0.008980541
0	0.008201809
0	0.008577975
1	0.008215074
1	0.008956966
1	0.008447806
1	0.008445481
1	0.008432427
1	0.008306075
1	0.00842275
1	0.008529304
1	0.008842489
1	0.008344842
2	0.008821405
2	0.009441249
2	0.010201697
2	0.010280173
2	0.010559915
2	0.011504849
2	0.011742767
3	0.012044082
3	0.011395532
3	0.01321989
3	0.013759703
3	0.013055744
3	0.011391759
3	0.010968339
3	0.010928429
3	0.011030548
3	0.010123062
3	0.009075756
3	0.009219169
4	0.009784361
4	0.010034907
4	0.007982828
4	0.009925311
4	0.009715992
4	0.010357904
4	0.010502034
4	0.010575717
4	0.010381651
4	0.011558702
4	0.011208248
4	0.010655513
4	0.014086343
4	0.010639063
4	0.010685799
4	0.01083794
4	0.010331993
4	0.009497714
4	0.011970811
4	0.010707704
4	0.010434955
3	0.008846367
3	0.00981555
3	0.009593354
3	0.010115531
3	0.010328859
3	0.00950758
3	0.010177572
3	0.013181777
3	0.010572217
3	0.013321094
3	0.008902362
2	0.007934938
2	0.009095702
2	0.008022525
2	0.007977778
2	0.008439744
2	0.00844167
2	0.008805763
2	0.008503332
2	0.008264072
2	0.00792933
2	0.008816672
3	0.010022545
3	0.011789872
3	0.008051645
3	0.011408975
3	0.010392008
3	0.014469469
3	0.009884601
3	0.012376251
3	0.013683383
3	0.008715132
3	0.009262483
3	0.010531392
3	0.010014775
3	0.01068913
3	0.011904005
3	0.009401319
2	0.009261037
2	0.009358592
2	0.008549365
2	0.009187197
2	0.009072864
2	0.010074149
2	0.009988303
2	0.008950114
2	0.009395105
2	0.008984454
2	0.009216043
2	0.008759433
3	0.009282593
3	0.008161275
3	0.008237365
3	0.009932663
3	0.009967925
3	0.009665882
3	0.010292842
3	0.009384911
3	0.00937283
3	0.009850871
3	0.00986382
3	0.010570312
3	0.010739302
3	0.010222732
3	0.008648657
3	0.009946419
3	0.009436351
3	0.009852441
3	0.009798872
3	0.009430365
4	0.009477834
4	0.009730954
4	0.008260362
4	0.010845425
4	0.009500293
4	0.012826471
4	0.010384335
4	0.009471585
4	0.011879906
4	0.012249549
5	0.013618245
5	0.009263094
5	0.011356181
5	0.010682428
5	0.011063137
5	0.012557526
5	0.010989278
5	0.011609066
5	0.008874698
5	0.010907783
5	0.012198593
5	0.011721467
5	0.013012175
5	0.013835262
5	0.011211007
5	0.011717944
5	0.011865403
5	0.011682284
5	0.011321646
4	0.010013728
4	0.010324905
4	0.009619804
4	0.01785655
4	0.010151102
4	0.009077754
4	0.009576213
4	0.009421428
3	0.010429035
3	0.010057227
3	0.010577507
3	0.018069145
3	0.009594747
3	0.010058692
3	0.00988343
3	0.01465456
3	0.008405686
3	0.010565029
4	0.010717077
4	0.009412407
4	0.009540821
4	0.013355724
4	0.018320589
4	0.014486454
4	0.012828348
4	0.012762928
4	0.009575562
4	0.009876455
4	0.010020089
4	0.009666172
4	0.009834549
4	0.010805281
4	0.009122179
4	0.010962954
4	0.009454469
4	0.009089285
4	0.009001841
4	0.010527603
4	0.012945368
4	0.009540226
4	0.01113186
4	0.011516081
4	0.011861897
4	0.009587643
4	0.010070772
4	0.010562264
4	0.010336742
4	0.021514996
4	0.010053828
4	0.010249075
4	0.00919825
4	0.009848343
5	0.010299163
5	0.015925138
5	0.008814686
5	0.010474456
5	0.007679336
5	0.010939914
5	0.012419365
5	0.012729732
5	0.011259054
5	0.011734525
6	0.012196386
6	0.011485206
6	0.012319264
6	0.011739895
6	0.011892254
6	0.013889885
6	0.011035011
6	0.011428622
6	0.010878816
6	0.012793881
6	0.014537601
6	0.014470582
6	0.011500687
6	0.018239815
6	0.010026773
6	0.016282683
6	0.018498898
6	0.011435922
6	0.010730161
5	0.01192502
5	0.014693401
5	0.011728242
5	0.01200316
5	0.011609734
5	0.011115876
5	0.01149379
5	0.011018275
5	0.011449643
5	0.011641449
4	0.013434122
4	0.009790656
4	0.010212043
4	0.010266975
4	0.00992938
4	0.009861175
4	0.008756792
4	0.010559133
4	0.008308208
4	0.009294717
5	0.008995184
5	0.009655868
5	0.011140761
5	0.008624747
5	0.01134571
5	0.012057077
5	0.00990682
5	0.011297796
5	0.01124965
5	0.011049566
5	0.008160662
5	0.011185197
5	0.008555123
5	0.012128469
5	0.009704052
5	0.0168245
5	0.012286706
5	0.012128745
5	0.013853055
5	0.014906767
5	0.01196139
5	0.011825336
5	0.011565261
5	0.012176368
5	0.012146117
5	0.015633196
6	0.008573449
6	0.016017431
6	0.015082401
6	0.018483994
6	0.008936615
6	0.014862754
6	0.014462201
7	0.014282424
7	0.014595417
7	0.013450661
7	0.01443618
7	0.01350388
7	0.014705861
7	0.014255546
7	0.014238657
7	0.014331665
7	0.009432081
7	0.014243453
7	0.014624313
7	0.013865366
7	0.015380189
7	0.015056164
7	0.014831366
6	0.011085593
6	0.013682779
6	0.012764761
6	0.014670358
6	0.014302527
6	0.026710244
6	0.012773182
6	0.020635657
6	0.013029029
6	0.01281497
6	0.014102186
5	0.013138943
5	0.013010248
5	0.016157395
5	0.012688491
5	0.012636055
5	0.011874245
5	0.008402711
5	0.014323502
6	0.022303234
6	0.016158684
6	0.015067588
6	0.016364676
6	0.013160973
6	0.014001418
6	0.015041478
6	0.01676441
6	0.013951594
6	0.013686451
6	0.012420902
6	0.009757175
6	0.0129801
6	0.014428583
6	0.014261247
6	0.014178935
6	0.01293429
6	0.015623504
6	0.017716827
6	0.018471516
6	0.015741889
6	0.01462355
6	0.011837902
6	0.018039928
6	0.015820737
6	0.015600186
7	0.010810273
7	0.014952581
7	0.017490725
7	0.01277618
7	0.011707943
7	0.014449187
8	0.012798081
8	0.01538426
8	0.013887299
8	0.015118144
8	0.017977409
8	0.015641251
8	0.014352851
8	0.014750812
8	0.016566596
8	0.016553785
8	0.014828528
8	0.017470311
8	0.015625902
8	0.015543665
8	0.017179782
8	0.017229833
7	0.014250908
7	0.015031598
7	0.013587147
7	0.014684297
7	0.015584731
7	0.017037558
7	0.013484144
7	0.013905113
6	0.015330108
6	0.013902801
6	0.010971611
6	0.01300555
6	0.0148791
6	0.015483284
6	0.01513557
6	0.013401833
7	0.014606575
7	0.012902513
7	0.012468639
7	0.014717375
7	0.017124355
7	0.012444523
8	0.015143354
8	0.016224419
8	0.010501903
8	0.010998671
8	0.016264442
8	0.016270228
8	0.016271066
8	0.014729785
8	0.016690755
8	0.016301012
8	0.015682872
8	0.016620474
8	0.014477473
8	0.015942437
8	0.015828047
9	0.017880814
9	0.018191047
9	0.017069811
9	0.018041808
9	0.018104704
9	0.016083651
9	0.026267419
10	0.016098582
10	0.016887677
10	0.016992271
10	0.015411275
10	0.016515302
10	0.017417428
10	0.015885445
10	0.01678648
10	0.015488732
10	0.018655554
10	0.016467587
10	0.018488337
10	0.028695006
10	0.019441958
10	0.019968177
9	0.016533744
9	0.014497754
9	0.017018719
9	0.016805789
9	0.015589072
9	0.017002286
8	0.017082998
8	0.015717536
8	0.01505421
8	0.016406675
8	0.016929929
8	0.015916133
8	0.014516955
8	0.015123481
8	0.015244759
9	0.019267033
9	0.019659527
9	0.017371412
9	0.016196807
9	0.017461917
9	0.017711357
9	0.018230345
9	0.016846703
9	0.01767005
9	0.016590576
9	0.017277588
9	0.016938768
9	0.017316727
9	0.022972761
9	0.015282075
9	0.018096275
9	0.016612069
9	0.017348482
9	0.018224218
9	0.016596027
10	0.019056889
10	0.019777797
10	0.019239174
10	0.020126926
10	0.020990962
10	0.018907171
11	0.017506373
11	0.019708025
11	0.01659413
11	0.019548757
11	0.018929645
11	0.019517586
11	0.019626287
11	0.017390175
11	0.016683255
11	0.015889698
11	0.017650367
11	0.017623911
11	0.017548037
11	0.015225122
11	0.018763329
11	0.02427919
11	0.018754564
11	0.01777484
11	0.027090521
11	0.017019577
11	0.009258073
11	0.015172394
11	0.016287386
9	0.016151744
9	0.018483116
9	0.018845966
9	0.01820842
9	0.018178861
9	0.017137898
10	0.020909487
10	0.017559429
10	0.020040137
10	0.019679257
10	0.019464007
10	0.019564653
10	0.01984235
10	0.018206253
10	0.018039573
10	0.018122718
10	0.017563667
10	0.021999446
10	0.014688755
10	0.017280445
10	0.016503277
10	0.019088813
10	0.017807924
10	0.018173643
10	0.016615234
11	0.024552068
11	0.018063649
11	0.023779361
11	0.023911165
11	0.024869822
12	0.016903237
12	0.018819984
12	0.018486838
12	0.017797197
12	0.022193258
12	0.020637795
12	0.01732415
12	0.021788005
12	0.022961909
12	0.022557462
12	0.019369882
12	0.021634431
12	0.018891304
11	0.015749968
11	0.017381992
11	0.019105404
11	0.018198781
11	0.017117934
11	0.016174063
11	0.016737121
10	0.017482302
10	0.016278554
10	0.016431573
10	0.01799516
10	0.017602335
10	0.016425807
11	0.018931654
11	0.018661834
11	0.018529072
11	0.018986306
11	0.020094753
11	0.01881036
11	0.016226186
11	0.017244584
11	0.018851283
11	0.020136891
11	0.021220203
11	0.018958124
11	0.018501339
11	0.018896049
11	0.017689359
11	0.019491052
11	0.018938306
11	0.015926773
11	0.019270721
12	0.02321791
12	0.025052172
12	0.025492613
12	0.024821914
12	0.024673119
13	0.070792739
13	0.013667273
13	0.02256427
13	0.022412816
13	0.022139363
13	0.01838545
13	0.024455154
13	0.023505945
13	0.025566779
13	0.025348118
13	0.018033841
13	0.024531748
13	0.025205501
12	0.018075038
12	0.018153697
12	0.017490305
12	0.0184016
12	0.015232815
12	0.013456942
12	0.020469342
12	0.025061342
11	0.019668939
11	0.017737771
11	0.013763007
11	0.019802474
11	0.018072577
11	0.018573737
12	0.023329102
12	0.022805375
12	0.02428669
12	0.022997211
12	0.023484336
12	0.021961579
12	0.024560092
12	0.023400162
12	0.022889575
12	0.019893764
12	0.023866058
12	0.025206174
12	0.019253479
12	0.026106417
12	0.02433854
12	0.020531693
12	0.024844473
12	0.025064334
12	0.01862345
12	0.023809245
12	0.024227239
12	0.023814181
12	0.024602264
12	0.023842871
13	0.02864922
13	0.02799942
13	0.027962824
13	0.027258699
13	0.024755492
13	0.027058363
13	0.028920699
14	0.025352353
14	0.023714163
14	0.026521151
14	0.026819471
14	0.022369582
14	0.025361075
14	0.025953484
14	0.023071123
14	0.027826435
14	0.022846013
14	0.026779878
14	0.022890343
14	0.028454501
14	0.024697654
14	0.0201831
13	0.024479341
13	0.023428233
13	0.014874123
13	0.016616346
13	0.022247416
13	0.025095136
13	0.023756719
13	0.022113482
12	0.023729367
12	0.013621155
12	0.023412857
12	0.018390593
12	0.018663305
12	0.017381898
12	0.02365968
12	0.023394866
13	0.024588431
13	0.025681501
13	0.025380392
13	0.025428201
13	0.02360546
13	0.026458491
13	0.022423145
13	0.025126655
13	0.029750735
13	0.021446454
13	0.024846285
13	0.020218533
13	0.023000554
13	0.024322345
13	0.027262733
13	0.027649139
13	0.021676473
13	0.025088673
14	0.031128594
14	0.03158375
14	0.03197921
14	0.02962651
14	0.032586049
15	0.035037208
15	0.027748021
15	0.028583642
15	0.028812187
15	0.023208659
15	0.016195791
15	0.021438462
15	0.033690554
15	0.035602763
14	0.024876113
14	0.025703936
14	0.028196429
13	0.023114528
13	0.023520834
13	0.023377
13	0.024250752
13	0.022535515
14	0.030957981
14	0.041958207
14	0.027782286
14	0.031584671
14	0.02771683
14	0.016201455
14	0.016302848
14	0.030534381
14	0.008492918
14	0.018551805
14	0.037618577
14	0.027414772
14	0.027611099
14	0.026847068
14	0.038120242
14	0.031358929
14	0.030529437
14	0.031022932
14	0.032402699
14	0.030387567
14	0.030318767
15	0.035504744
15	0.032649152
15	0.037220379
15	0.033413445
16	0.024478413
16	0.028805246
16	0.03314991
16	0.031000218
16	0.031481327
16	0.025110323
16	0.026077891
16	0.034136892
16	0.037382102
16	0.033916255
16	0.03519937
15	0.024169686
15	0.027758786
15	0.024530418
15	0.023392214
15	0.028793751
14	0.02459097
14	0.022184896
14	0.027058258
14	0.0281124
14	0.026674388
15	0.033863718
15	0.031994545
15	0.028209891
16	0.037344913
16	0.034868254
16	0.035103088
16	0.031532036
16	0.024536661
16	0.039026771
16	0.023291264
16	0.031066426
16	0.033104324
16	0.023161138
17	0.039065579
17	0.041834526
17	0.038086997
17	0.038467216
17	0.043955216
17	0.047617072
18	0.038511959
18	0.049184869
18	0.033522433
18	0.040381253
18	0.042453319
18	0.038656967
18	0.023436368
18	0.03081455
18	0.041211833
17	0.03439196
17	0.033640363
17	0.038474349
16	0.03095321
16	0.031002354
16	0.031520533
16	0.025005511
16	0.027236592
17	0.033543056
17	0.038047347
17	0.0348424
17	0.032932978
17	0.034890473
17	0.03937918
17	0.040166766
17	0.03105496
17	0.033116849
17	0.037139886
17	0.029387758
17	0.03702241
17	0.036646607
17	0.03298154
17	0.035671545
17	0.037171256
18	0.049169303
18	0.047770038
18	0.044148951
19	0.03318496
19	0.040760275
19	0.032977019
19	0.046758828
19	0.03614792
19	0.045766655
19	0.043266378
19	0.050487012
19	0.042274209
19	0.032380696
18	0.030374654
18	0.030561902
18	0.034914504
18	0.03194552
17	0.032045478
17	0.032166578
17	0.028948527
17	0.031560756
17	0.043759176
18	0.048929982
18	0.042079262
18	0.043513492
18	0.042818735
18	0.024905021
18	0.02375049
18	0.03865793
18	0.022471485
18	0.038945738
18	0.033081702
18	0.035804959
18	0.03893594
18	0.034706434
18	0.036977347
18	0.037296987
19	0.056915255
19	0.051564437
19	0.04758592
19	0.045849934
19	0.053013059
20	0.053171345
20	0.037555966
20	0.048156125
20	0.04812029
20	0.051711698
20	0.049763066
20	0.042684131
20	0.045252327
20	0.045455979
20	0.041195126
20	0.037963969
20	0.036960273
20	0.040090594
20	0.040842447
19	0.032566387
19	0.030353338
19	0.039775972
19	0.038227522
19	0.035614406
19	0.032531415
18	0.036303344
18	0.032464988
18	0.039055185
18	0.0348553
18	0.038414469
18	0.029180537
19	0.049521634
19	0.037097733
19	0.037657222
19	0.035171903
19	0.040479682
19	0.042978616
19	0.045082196
19	0.04637572
19	0.037990367
19	0.038473883
19	0.041450413
19	0.042197075
19	0.041878853
19	0.033704894
19	0.031307477
19	0.036125504
20	0.050188313
20	0.049313404
20	0.051781108
20	0.050034077
21	0.042968848
21	0.031553294
21	0.04042708
21	0.042282831
21	0.039507978
21	0.046817745
21	0.043275441
21	0.044006387
21	0.04115281
21	0.045140391
21	0.044213337
21	0.048942566
21	0.049497583
20	0.031128038
20	0.0340695
20	0.032564324
20	0.035319565
20	0.035316688
19	0.038521699
19	0.030693589
19	0.030544488
19	0.035100143
19	0.036878642
19	0.033069284
20	0.037167775
20	0.044801358
20	0.038361832
20	0.038857733
20	0.037691511
20	0.048623125
20	0.047114224
20	0.047161588
20	0.045270626
20	0.0404982
20	0.043676053
20	0.047612066
20	0.044380353
20	0.055274559
20	0.037324295
20	0.037150348
20	0.041129549
20	0.042789031
20	0.032308056
20	0.042217392
21	0.05239704
21	0.055295365
21	0.054537953
21	0.05000019
21	0.047947444
22	0.040976434
22	0.044518996
22	0.047843781
22	0.040330752
22	0.046891403
22	0.044201752
22	0.050715362
22	0.044733873
22	0.0461513
22	0.050844166
22	0.037948635
22	0.057721964
21	0.041387742
21	0.032402353
21	0.031934257
21	0.033889073
21	0.037499699
20	0.041097359
20	0.033469037
20	0.032304821
20	0.038719437
20	0.035255969
20	0.03967978
21	0.045479958
21	0.03878686
21	0.042764846
21	0.041423438
21	0.020033251
21	0.046286072
21	0.043853555
21	0.045326972
21	0.047389148
21	0.046328026
21	0.044500886
21	0.044286942
21	0.039288795
21	0.043257722
21	0.053526894
21	0.045710235
21	0.041529658
21	0.043239146
21	0.041338711
21	0.044824673
21	0.040496542
22	0.056953647
22	0.049595352
22	0.055465494
22	0.057265887
22	0.05060997
22	0.052057912
22	0.054569872
23	0.049565865
23	0.041432569
23	0.047546772
23	0.047845584
23	0.045402798
23	0.046114358
23	0.041186527
23	0.068733938
23	0.051881894
23	0.044533995
23	0.043442985
23	0.033739238
23	0.049141341
23	0.054466849
23	0.035564511
23	0.053847852
23	0.051986316
22	0.024131592
22	0.037934237
22	0.034126768
22	0.030405847
22	0.036815113
21	0.03271555
21	0.041372848
21	0.036231568
21	0.038805662
21	0.039278495
21	0.036051847
21	0.039234902
21	0.041507957
22	0.044691399
22	0.042935646
22	0.04990676
22	0.056675245
22	0.043578343
22	0.051474318
22	0.043606607
22	0.048896487
22	0.043439759
22	0.041947513
22	0.042291741
22	0.032691334
23	0.051952468
23	0.057061319
23	0.045935337
23	0.056887838
23	0.03472345
23	0.059330811
23	0.055449397
23	0.0520189
23	0.056657792
23	0.045045489
23	0.054613477
23	0.047530917
23	0.043781587
23	0.031777189
23	0.044969124
23	0.051166811
23	0.048856112
23	0.043250398
23	0.049674065
23	0.041713159
24	0.054873327
24	0.056364584
24	0.057633465
24	0.060072823
25	0.040021078
25	0.0496699
25	0.043460234
25	0.048350171
25	0.052174982
25	0.046525397
25	0.041392678
25	0.0458262
25	0.038691981
25	0.047056081
25	0.053334004
25	0.035657438
25	0.053423108
25	0.045646011
25	0.049914883
25	0.052296071
25	0.051079213
25	0.053249697
25	0.052110304
25	0.052793087
25	0.050396998
25	0.050029499
24	0.03940207
24	0.031400692
24	0.042274323
24	0.035597833
24	0.036425327
24	0.047258799
24	0.042398258
24	0.045463074
24	0.045941017
23	0.038753194
23	0.05201694
23	0.043208207
23	0.052125209
23	0.037592417
23	0.045096994
23	0.036362983
23	0.037741082
24	0.042091006
24	0.041406784
24	0.043619011
24	0.033965408
24	0.045281904
24	0.033402377
24	0.056380441
24	0.05637863
24	0.064105361
24	0.049623749
24	0.024197643
24	0.031148035
24	0.056444953
24	0.046949595
24	0.050188222
24	0.042064112
24	0.050519411
24	0.050267197
24	0.050970709
24	0.052993377
24	0.026718435
25	0.057113308
25	0.049869888
25	0.054513205
25	0.061520926
25	0.056703791
26	0.049470209
26	0.054162581
26	0.052304414
26	0.052171129
26	0.05171701
26	0.05364641
26	0.062323158
26	0.04945097
26	0.053941244
25	0.049217294
25	0.036810763
25	0.038903819
25	0.04224088
25	0.040319519
24	0.047495652
24	0.040951662
24	0.041427529
24	0.043183242
24	0.03836879
25	0.04279802
25	0.047833893
25	0.047335416
25	0.054470384
25	0.053611011
25	0.051428438
25	0.041686782
25	0.040404628
25	0.053865235
25	0.055940758
25	0.044234998
25	0.037564789
25	0.056840672
25	0.052568898
25	0.061046913
25	0.05830538
25	0.056656259
25	0.031989967
25	0.06028446
25	0.048899298
25	0.053522474
25	0.056504872
27	0.047257623
27	0.054991959
27	0.052538072
27	0.050175443
27	0.054664541
27	0.055532059
27	0.040611935
27	0.05093131
27	0.051383488
26	0.046248703
26	0.037706295
26	0.034859395
26	0.044059849
26	0.051812582
26	0.054314763
26	0.044086131
25	0.047110658
25	0.042331178
25	0.047254348
25	0.052809482
25	0.046839242
25	0.046086455
26	0.049203913
26	0.051653915
26	0.051816932
26	0.050416167
26	0.03259009
26	0.058341348
26	0.038120692
26	0.051400841
26	0.050217043
27	0.04426829
27	0.044598315
27	0.039400028
27	0.025674346
27	0.043751343
27	0.044013932
27	0.037633776
27	0.044541791
27	0.043802857
27	0.035917147
27	0.044277464
26	0.058306443
26	0.042673061
26	0.041501332
26	0.048559524
26	0.047600813
26	0.049569252
26	0.036124655
26	0.043444737
26	0.048280271
27	0.060496625
27	0.062878529
27	0.057089194
27	0.065497112
27	0.059338861
27	0.050421841
27	0.051303255
27	0.061344149
27	0.060259416
27	0.056919164
27	0.053721117
0	0.008612662
0	0.007968738
0	0.008061295
0	0.008126523
0	0.009793407
0	0.008052786
0	0.008053704
0	0.007908434
0	0.008077261
0	0.008156256
0	0.007776404
0	0.008506193
0	0.008234335
0	0.008288957
0	0.007982694
0	0.008009971
0	0.007964537
0	0.008448927
0	0.008301819
0	0.008072209
0	0.00806084
0	0.008555534
0	0.007940072
0	0.007788351
0	0.008090772
0	0.008093477
0	0.007865574
0	0.014115964
0	0.007971852
0	0.008287592
0	0.008289626
0	0.00817336
0	0.008563199
0	0.007651027
0	0.008335698
0	0.00850633
0	0.008690107
0	0.007929636
0	0.008481257
0	0.00952285
0	0.009293345
0	0.008641662
0	0.008004299
0	0.008040636
0	0.007896645
0	0.007799996
0	0.008087748
0	0.008216777
0	0.008147129
0	0.008270088
1	0.009024797
1	0.008340636
1	0.007902647
1	0.008927981
1	0.007884821
1	0.007707433
1	0.008029532
1	0.0084855
0	0.008379019
0	0.008000227
0	0.007972051
0	0.007900194
0	0.008360156
0	0.007870757
0	0.008659218
0	0.007533291
0	0.007648806
0	0.008594432
0	0.008910988
0	0.007781051
0	0.008149152
0	0.00824025
0	0.008761756
0	0.008489277
0	0.007703492
0	0.008890099
0	0.0079939
0	0.008175305
0	0.008176543
0	0.008714178
0	0.008229447
0	0.008281366
0	0.00830559
0	0.007533657
0	0.008132216
0	0.008795241
0	0.008438169
0	0.009158465
0	0.007895905
0	0.007396207
1	0.008103366
1	0.008468063
1	0.008536511
1	0.008989861
1	0.008530121
1	0.008821486
1	0.008486708
1	0.009931849
1	0.00897602
1	0.008754561
1	0.008978634
1	0.009368506
1	0.007573993
1	0.009216843
1	0.009529425
1	0.00893776
1	0.008295911
1	0.008896591
1	0.008970737
1	0.010902238
1	0.009163843
1	0.00816434
1	0.009935316
1	0.00817711
1	0.008592112
1	0.010480349
1	0.010715621
1	0.00846232
1	0.007948221
1	0.007792718
2	0.008477682
2	0.008844465
2	0.008440049
2	0.009707633
1	0.009512982
1	0.009428692
1	0.009318342
1	0.009294179
1	0.008389991
1	0.009569554
1	0.007814271
1	0.009058679
1	0.009477402
1	0.008967125
1	0.009652053
1	0.008689469
1	0.009756178
1	0.008280222
1	0.009805918
1	0.009434857
1	0.009236315
1	0.009850141
1	0.00998482
1	0.009596978
1	0.007911934
1	0.007820077
1	0.007761478
1	0.008864589
2	0.00999061
2	0.009093692
2	0.00914899
2	0.009659891
2	0.009975572
2	0.010093959
2	0.009273964
2	0.00805283
2	0.010182914
2	0.009932953
2	0.009081034
2	0.011155225
2	0.010570526
3	0.010323642
3	0.01095433
3	0.014786758
3	0.012181284
3	0.012362341
3	0.011479144
3	0.00952065
3	0.012502006
3	0.010412466
3	0.011870451
3	0.012071729
3	0.008779333
3	0.008272247
3	0.010541761
3	0.011005166
3	0.008174288
3	0.01005915
3	0.01217004
3	0.010278629
3	0.013411238
3	0.00883464
3	0.010801304
3	0.009192465
4	0.009829142
4	0.011544437
4	0.011252466
4	0.009210714
4	0.011666943
4	0.00918784
4	0.012738957
4	0.009162486
4	0.014570319
4	0.009866725
3	0.012013912
3	0.010614527
3	0.010840808
3	0.010908865
3	0.010460146
3	0.01107376
3	0.010941024
3	0.010943033
3	0.009633552
3	0.010017291
3	0.013393799
3	0.009225986
3	0.013288665
3	0.012131719
3	0.01019319
3	0.011429449
3	0.011611112
3	0.013035901
3	0.011016151
3	0.011774222
3	0.01157502
3	0.009517509
3	0.008765026
3	0.009631961
3	0.009192431
3	0.007591101
3	0.009365325
3	0.012358033
3	0.011296169
3	0.00874373
3	0.014050988
3	0.008342022
3	0.007555802
4	0.01184338
4	0.011544522
4	0.010905144
4	0.012914179
4	0.01136463
4	0.011438219
4	0.011513989
4	0.010909213
4	0.011243896
4	0.01089156
4	0.013488261
4	0.013836236
4	0.013707654
4	0.014847104
4	0.011134378
4	0.010216302
4	0.011217311
4	0.010682107
4	0.010828105
4	0.011528205
4	0.011346557
4	0.013002486
4	0.013491174
4	0.011665401
4	0.012433392
4	0.01408876
4	0.010946758
4	0.013535959
4	0.012416795
4	0.015292057
4	0.012613993
4	0.012266405
4	0.012648604
4	0.011430171
4	0.012152818
4	0.015837573
4	0.01386641
4	0.011721707
4	0.01091376
4	0.013106461
4	0.012445442
4	0.014800943
4	0.012949984
5	0.016034735
5	0.010952044
5	0.015095695
5	0.01067711
5	0.015878485
4	0.013138537
4	0.013691781
4	0.015760287
4	0.010391522
4	0.014702846
4	0.011784586
4	0.011215608
4	0.014105587
4	0.013049498
4	0.016244473
4	0.010122723
4	0.014707963
4	0.015121033
4	0.016105695
4	0.011379209
4	0.014893397
5	0.015420489
5	0.015835094
5	0.018329165
5	0.016623475
5	0.015434587
5	0.014992707
5	0.014218502
5	0.013593008
5	0.013595303
5	0.016356814
5	0.014016537
5	0.013622209
5	0.014438066
5	0.0140291
5	0.014743176
5	0.015399814
5	0.015387031
5	0.013925957
5	0.014960162
5	0.015104301
5	0.014898053
5	0.014215328
5	0.012339638
5	0.013523204
5	0.014671273
5	0.014138029
5	0.014121925
5	0.014257237
5	0.014635295
5	0.010872056
5	0.015694993
5	0.014435903
5	0.015776894
5	0.014402425
5	0.012677484
5	0.0164239
5	0.013985632
5	0.013335144
5	0.014817439
5	0.01512062
5	0.012058121
5	0.012827264
5	0.016130772
5	0.012153811
5	0.014133203
5	0.015703172
5	0.022009045
5	0.015157737
5	0.013863871
5	0.012113504
6	0.009462849
6	0.010434346
6	0.018865805
6	0.024169386
6	0.010193993
6	0.012139246
6	0.016639303
5	0.014155363
5	0.015177642
5	0.014246814
5	0.014962108
5	0.015211768
5	0.016096709
5	0.01658571
5	0.016075881
5	0.010981049
5	0.016801045
5	0.015261803
5	0.018056247
5	0.009555475
5	0.016899773
5	0.015775596
5	0.017578789
5	0.012062304
5	0.01525232
5	0.016762202
5	0.012575514
5	0.011440305
5	0.011551839
6	0.014911051
6	0.015975303
6	0.020393089
6	0.017815135
6	0.017673551
6	0.014880086
6	0.016663128
6	0.016633946
6	0.017741428
6	0.018337
6	0.0184
6	0.017979358
6	0.018233628
6	0.018050374
6	0.01808025
6	0.016891968
6	0.018287254
6	0.018874685
6	0.023806245
6	0.017014131
6	0.017410861
6	0.016175162
6	0.017638906
6	0.016593412
6	0.016885907
6	0.011969923
6	0.026868632
6	0.015909198
6	0.016603621
6	0.018875198
6	0.014109273
6	0.014611249
6	0.014520464
7	0.015776131
7	0.016818545
7	0.012570937
7	0.0105069
7	0.018471091
7	0.017552053
6	0.015571213
6	0.021140581
6	0.015761476
6	0.017824342
6	0.016791299
6	0.015637911
6	0.015917904
6	0.015571047
6	0.016532614
6	0.017232401
6	0.019829591
6	0.011429117
6	0.017392447
6	0.016797623
6	0.016859874
6	0.015776105
7	0.017455904
7	0.015031232
7	0.01536842
7	0.01386543
7	0.016104227
7	0.015728472
7	0.015523055
7	0.024813136
7	0.017572595
7	0.016906994
7	0.017842955
7	0.014671022
7	0.014236057
7	0.017454962
7	0.017134567
7	0.016670847
7	0.013890845
7	0.014161603
7	0.015897817
7	0.017133407
7	0.018017188
7	0.014904848
7	0.015936906
7	0.016165618
7	0.013361376
7	0.012505261
7	0.016142499
7	0.014132528
7	0.015446221
7	0.017320481
7	0.016424115
7	0.015583725
7	0.016321585
8	0.016317126
8	0.015583077
8	0.016897
8	0.018168
7	0.017506598
7	0.015344029
7	0.016760433
7	0.017110998
7	0.016821603
7	0.016518345
7	0.017200269
7	0.017976791
7	0.016600056
7	0.016630257
7	0.014920191
7	0.016752568
7	0.010113316
7	0.016725245
7	0.016911476
7	0.014769158
8	0.015410368
8	0.017819485
8	0.016388041
8	0.017847209
8	0.016780718
8	0.01632001
8	0.017869905
8	0.022648237
8	0.015436184
8	0.019128967
8	0.018229851
8	0.014633322
8	0.017515661
8	0.015504562
8	0.021776521
9	0.026379544
9	0.026193239
9	0.026695075
9	0.029180012
9	0.025102888
9	0.014929089
9	0.018230699
9	0.025434794
9	0.021070035
9	0.020869089
9	0.024018242
9	0.020164135
9	0.018362983
9	0.026316417
9	0.026217678
9	0.024983111
9	0.024457798
9	0.025763433
10	0.025120365
10	0.030042236
10	0.026878128
10	0.019870898
10	0.030148058
9	0.021364667
9	0.019925715
9	0.024660545
9	0.025351718
9	0.025216088
9	0.019872138
9	0.025869855
9	0.026247887
9	0.020618092
9	0.024952758
9	0.024064195
9	0.02400137
9	0.012508713
9	0.02241155
9	0.024829748
9	0.024995716
10	0.023464883
10	0.0256819
10	0.023633821
10	0.024265192
10	0.02660871
10	0.026929062
10	0.026467916
10	0.024034298
10	0.030717249
10	0.031153519
10	0.030657036
10	0.031237797
10	0.03215838
10	0.030403403
10	0.028066788
10	0.02531291
10	0.03101842
10	0.033316405
10	0.03640983
10	0.025396277
10	0.024346165
10	0.028795882
10	0.029017881
10	0.022850462
10	0.024151674
10	0.023839483
10	0.031330014
11	0.025219971
11	0.030458848
11	0.024366653
11	0.03076961
10	0.02543946
10	0.024649954
10	0.023993497
10	0.027762717
10	0.025131482
10	0.024162298
10	0.024812983
10	0.024660425
10	0.021459862
10	0.024425905
10	0.023019921
10	0.024945559
11	0.025904143
11	0.029669891
11	0.021847227
11	0.023900305
11	0.027992067
11	0.025447934
11	0.032455918
11	0.034680044
11	0.031414128
11	0.030013083
11	0.031021181
11	0.011072685
11	0.028768082
11	0.02921011
11	0.02682045
11	0.01630959
11	0.030716525
11	0.026785412
11	0.025346323
11	0.036293885
11	0.013574861
11	0.031807699
11	0.029793057
11	0.024400521
11	0.02471293
12	0.031182607
12	0.024506326
12	0.020690969
12	0.034076301
12	0.028088497
11	0.027339086
11	0.029579148
11	0.021181867
11	0.023972747
11	0.029657528
11	0.023345393
11	0.023723283
11	0.021545655
11	0.024263079
11	0.024405929
12	0.023765202
12	0.026445077
12	0.027626898
12	0.03696353
12	0.032644371
12	0.030512735
12	0.035502908
12	0.030223142
12	0.035572052
12	0.036750576
12	0.026453033
12	0.022448508
12	0.027673521
12	0.026332312
12	0.025900361
12	0.024308167
13	0.031967963
13	0.027995904
13	0.035492463
12	0.023712276
12	0.025978443
12	0.02281125
12	0.028367184
12	0.02856568
12	0.025090543
12	0.02648154
12	0.020953838
12	0.024644919
12	0.011844526
12	0.020298157
12	0.021334167
12	0.024581561
12	0.023782216
12	0.025543654
12	0.020877955
13	0.028615508
13	0.02361159
13	0.028718597
13	0.032752114
13	0.026013919
13	0.027614087
13	0.036670857
13	0.037957203
13	0.032932381
13	0.037685063
13	0.036442307
13	0.039053521
13	0.035503681
14	0.033009156
14	0.032391484
14	0.033511304
14	0.017364676
14	0.033637771
14	0.033603137
14	0.029378909
13	0.032295544
13	0.033539321
13	0.029370894
13	0.03096076
13	0.029979779
13	0.026333482
13	0.03359749
13	0.03459615
14	0.043428769
14	0.035966886
14	0.042337132
14	0.035837607
14	0.045590044
14	0.034883763
14	0.044766244
13	0.034199561
13	0.036911009
13	0.027712703
13	0.02624402
13	0.028385919
13	0.028355611
13	0.029885148
13	0.028140784
13	0.020486185
13	0.023123797
13	0.021658484
13	0.022665683
13	0.022490682
13	0.023598385
13	0.025187025
13	0.031120345
13	0.025744339
13	0.031009846
13	0.028495392
13	0.030371258
13	0.029204022
13	0.030452619
14	0.039893367
14	0.035296932
14	0.038468911
14	0.039225955
14	0.042848143
14	0.038592502
14	0.042874486
14	0.039668555
14	0.03653793
14	0.035686132
14	0.03300818
14	0.033587999
14	0.040910408
14	0.038199198
14	0.034963262
14	0.037703349
14	0.033832643
14	0.032812786
14	0.038833307
14	0.027595242
14	0.037255034
14	0.039147097
14	0.038004888
14	0.033547923
15	0.032893812
15	0.027288525
15	0.035755005
15	0.035650909
14	0.02399997
14	0.028841848
14	0.024746818
14	0.019115725
14	0.029294667
14	0.020087179
14	0.022159441
14	0.022987779
15	0.025759279
15	0.027699272
15	0.027335322
15	0.021420452
15	0.026210919
15	0.02451757
15	0.039919148
15	0.0402409
15	0.041016728
15	0.042301042
15	0.043691543
15	0.010098611
15	0.035714483
15	0.036909398
15	0.035833956
15	0.033078416
15	0.041034518
15	0.037300607
15	0.031781374
15	0.034707726
15	0.036286515
15	0.034968891
16	0.055534577
16	0.033678134
16	0.029401527
16	0.042244827
16	0.02141441
16	0.040715126
16	0.03641719
16	0.038976474
16	0.037820358
16	0.032155477
15	0.025142758
15	0.024522889
15	0.025086044
15	0.02370818
15	0.024916006
15	0.02404682
16	0.028573414
16	0.028127343
16	0.022685021
16	0.026416064
16	0.030388853
16	0.02406102
16	0.040184965
16	0.043594292
16	0.041598984
16	0.034086948
16	0.041089729
16	0.040872705
16	0.041224153
16	0.045975961
17	0.04398429
17	0.038237099
17	0.037009564
17	0.038499765
17	0.033140792
17	0.028635285
17	0.029889993
17	0.030402666
17	0.036003295
17	0.033460257
17	0.030598112
18	0.034273811
18	0.042386026
18	0.048744475
18	0.034982703
18	0.042747529
18	0.043206405
17	0.028762047
17	0.027429574
17	0.030286356
17	0.031145183
17	0.021663206
17	0.027765793
17	0.022344549
17	0.023189613
17	0.031446316
17	0.036881019
18	0.028559064
18	0.028371931
18	0.029288683
18	0.029416403
18	0.030766382
18	0.04382393
18	0.041808438
18	0.034901532
18	0.045536058
18	0.044410278
18	0.050214278
18	0.034891971
18	0.037452899
18	0.048729657
18	0.037148682
18	0.040917432
18	0.034882344
18	0.036065492
18	0.027961503
18	0.032289821
18	0.033053882
18	0.030261557
19	0.04770403
19	0.034372612
19	0.045533728
19	0.044062132
19	0.053266292
18	0.032598904
18	0.026370189
18	0.034549185
18	0.031627876
18	0.032522187
18	0.034455095
18	0.024415975
18	0.025270225
18	0.026602881
18	0.028646893
18	0.023931929
18	0.025023295
18	0.026265602
18	0.034630125
18	0.028024032
18	0.025257245
18	0.03537841
19	0.025540138
19	0.032267268
19	0.034472921
19	0.029757733
19	0.027620692
19	0.037050445
19	0.042543065
19	0.043470822
19	0.038821576
19	0.042205305
19	0.045134031
19	0.037777969
19	0.050450493
19	0.051143702
19	0.05968478
19	0.046270274
19	0.05774737
19	0.057213353
19	0.059379077
19	0.046000001
19	0.055330718
19	0.050414029
19	0.045871812
19	0.055032573
20	0.05950389
20	0.069415807
20	0.062199851
20	0.041169553
20	0.057091158
19	0.043586678
19	0.045782439
19	0.046763219
19	0.033796019
19	0.040640167
19	0.028355984
19	0.033380244
19	0.0303488
19	0.028066189
19	0.033700287
20	0.033652244
20	0.041869905
20	0.035163949
20	0.046418468
20	0.04577928
20	0.056704151
20	0.057780849
20	0.054847946
20	0.050654464
20	0.06167809
20	0.064935727
20	0.041994977
20	0.037039059
20	0.046666191
20	0.044107439
20	0.036338906
20	0.040510446
20	0.033011725
20	0.031727433
20	0.036179182
20	0.032408494
20	0.031960598
21	0.045243712
21	0.051112703
21	0.049827019
21	0.052006306
21	0.047300661
20	0.034841139
20	0.03039476
20	0.028092357
20	0.032148836
20	0.039434772
20	0.039822323
20	0.025506865
20	0.041330797
20	0.037443906
20	0.035397386
20	0.024388245
20	0.051648244
20	0.032646407
21	0.032042101
21	0.02958027
21	0.028881513
21	0.028130492
21	0.031038441
21	0.031351746
21	0.047532376
21	0.042916052
21	0.051469331
21	0.044789687
21	0.049617925
21	0.044921679
21	0.060746682
21	0.04415835
21	0.0407089
21	0.04810335
21	0.048199705
21	0.047992727
21	0.046016656
21	0.02959456
21	0.031797326
21	0.032656026
21	0.027534698
21	0.029145861
22	0.047380849
22	0.04453033
22	0.048541568
22	0.050333347
22	0.055403776
21	0.035626883
21	0.030391336
21	0.035524196
21	0.029164149
21	0.033513524
21	0.032747187
21	0.033972429
21	0.025759995
21	0.043271765
21	0.031817266
21	0.025430597
22	0.034532724
22	0.02891037
22	0.028158047
22	0.035398969
22	0.034709652
22	0.040875694
22	0.046650622
22	0.038815182
22	0.050452008
22	0.04352801
22	0.048988286
22	0.046023096
22	0.049657723
22	0.046988478
22	0.051366866
22	0.045903838
22	0.035542539
22	0.033933744
22	0.035880636
22	0.028640519
22	0.037343941
22	0.031126372
22	0.033200753
23	0.053487438
23	0.040068984
23	0.038461314
23	0.058559385
23	0.053650228
22	0.035484266
22	0.030997809
22	0.036804603
22	0.039763212
22	0.03991907
22	0.039431974
22	0.039031057
22	0.038420864
22	0.036845115
22	0.057208238
22	0.028004333
22	0.026650171
22	0.028459911
22	0.0277474
23	0.037645253
23	0.040626396
23	0.037205041
23	0.038036489
23	0.035289204
23	0.035528425
23	0.035005085
23	0.036486572
23	0.03339939
23	0.045902897
23	0.044803925
23	0.051605909
23	0.02967858
23	0.050750843
23	0.048918575
23	0.046351351
23	0.043103047
23	0.041703157
23	0.052708564
23	0.048158206
23	0.059590657
23	0.045631997
23	0.039784534
23	0.037123858
23	0.035425965
23	0.041993786
23	0.041163559
23	0.038589105
23	0.047680367
23	0.037624083
23	0.040812812
25	0.045089826
25	0.044204674
25	0.050596424
25	0.05387834
25	0.054960679
25	0.058584064
25	0.057236888
23	0.043075243
23	0.03767446
23	0.045770422
23	0.039696382
23	0.038019035
23	0.044101931
23	0.03581546
23	0.04319366
23	0.044236739
23	0.041626125
23	0.027295616
23	0.031416804
23	0.033194157
23	0.032413635
23	0.036305592
25	0.034920634
25	0.040676974
25	0.038984215
25	0.03620867
25	0.028164488
25	0.039973985
25	0.044698399
25	0.043612246
25	0.05069914
25	0.047404417
25	0.049620196
25	0.044218556
25	0.045806217
25	0.050555255
25	0.050664488
25	0.052145705
25	0.047494695
25	0.052229798
25	0.048635419
25	0.040620497
25	0.046016241
25	0.045950252
25	0.047316889
24	0.048668323
24	0.050954354
24	0.046340209
24	0.059191816
24	0.054544561
24	0.051993575
24	0.037586857
24	0.032031581
24	0.041587824
24	0.043795244
24	0.044158007
24	0.043212781
24	0.04329468
24	0.048879312
24	0.047518674
26	0.048626275
26	0.054875753
26	0.055105955
24	0.050728069
24	0.03951725
24	0.03999482
24	0.034630794
24	0.040707771
24	0.043279717
24	0.04303024
24	0.026646727
24	0.042400651
24	0.040610693
24	0.033201961
24	0.040253138
24	0.028581883
24	0.042269637
26	0.038320969
26	0.039817638
26	0.040254011
26	0.035082684
26	0.03777033
26	0.041562926
26	0.048962479
26	0.030654319
26	0.047295738
26	0.048752584
26	0.052605214
26	0.050458532
26	0.048388698
26	0.053349639
26	0.049382763
26	0.049270435
26	0.051308678
25	0.057817259
25	0.041761195
25	0.042025064
25	0.035864514
25	0.044710647
25	0.049948578
25	0.047826051
25	0.044588896
25	0.045016538
25	0.044232028
25	0.047239499
27	0.0523282
27	0.059879124
25	0.036308691
25	0.046409051
25	0.0421043
25	0.045960856
25	0.046005159
25	0.048282576
25	0.05124371
25	0.047614448
25	0.039698177
25	0.037117474
25	0.031787388
25	0.045379808
25	0.037471133
27	0.039108495
27	0.043474699
27	0.039475248
27	0.046319838
27	0.042062131
27	0.039533605
26	0.045585455
26	0.058613941
26	0.043708758
26	0.056523713
26	0.053789473
26	0.053527775
26	0.041391281
26	0.038477595
26	0.042944303
26	0.039505067
26	0.036348938
28	0.044216674
28	0.049743261
28	0.050089192
28	0.051137803
28	0.051017397
28	0.055588572
28	0.044500206
28	0.039083706
28	0.039692151
0	0.007693527
0	0.008050889
0	0.007774189
0	0.008028208
0	0.008063071
0	0.007943408
0	0.007654383
0	0.009033984
0	0.007837882
0	0.008617128
0	0.008287135
0	0.008236531
0	0.008495985
0	0.008570735
0	0.008507859
0	0.008845371
0	0.009085257
0	0.007902873
0	0.008617117
0	0.008714814
0	0.008583527
0	0.008460972
0	0.008063132
0	0.008296525
0	0.008703497
0	0.009591834
0	0.008983595
0	0.008372523
0	0.008045091
0	0.008842118
0	0.008330705
0	0.008759755
0	0.008622766
0	0.007951242
0	0.00894046
1	0.008978608
1	0.009813676
1	0.008387289
1	0.008388845
1	0.008372463
1	0.00763173
1	0.008389917
1	0.008851682
1	0.009663267
1	0.009700964
1	0.008091498
1	0.00936794
1	0.009573554
1	0.010915543
1	0.009817817
1	0.009760631
1	0.010048081
1	0.01067883
1	0.010243976
1	0.010246911
1	0.010677592
0	0.009705042
0	0.009306334
0	0.007705348
0	0.009347982
0	0.009418031
0	0.00819016
0	0.007986493
0	0.009106595
0	0.00813473
0	0.00813931
0	0.008385539
0	0.009838992
0	0.009742253
0	0.009804055
0	0.009412369
0	0.009962425
0	0.008468693
0	0.009868338
0	0.008076502
0	0.007440622
0	0.00844836
0	0.0087596
0	0.007621554
0	0.007569382
0	0.007530201
0	0.00842944
1	0.01005331
1	0.010115093
1	0.010169839
1	0.009893842
1	0.009563937
1	0.009117638
1	0.010343772
1	0.009189581
1	0.009201051
1	0.009645085
1	0.008351015
1	0.010131403
1	0.009672984
2	0.007661704
2	0.007723481
2	0.00978147
2	0.009031823
2	0.007997697
2	0.008313754
2	0.009821092
2	0.009845107
2	0.009765135
2	0.008092991
2	0.009160778
2	0.009452503
2	0.009382404
2	0.009791482
2	0.009001552
2	0.010147691
2	0.009660751
2	0.010526395
2	0.009508813
2	0.01144117
2	0.011368296
2	0.011495871
2	0.011931267
2	0.012009735
1	0.010138634
1	0.010391006
1	0.010471438
1	0.009838509
1	0.008764061
1	0.011122857
1	0.010173243
1	0.009341269
1	0.01071622
1	0.009789679
1	0.008549827
1	0.009827991
1	0.009373241
1	0.009818538
1	0.010043454
1	0.01033608
1	0.012931211
1	0.012251269
1	0.010462946
1	0.010916795
1	0.012656885
1	0.008724519
1	0.013075511
1	0.010723201
1	0.011269628
1	0.011413827
1	0.011707455
1	0.008603705
1	0.008899025
1	0.00836033
1	0.008248257
1	0.008644134
1	0.010615211
3	0.010447713
3	0.010288976
3	0.010382215
3	0.009836103
3	0.010471502
3	0.010137523
3	0.00932713
3	0.008891848
4	0.011253503
4	0.01413777
4	0.008165589
4	0.008162885
4	0.014505959
4	0.013939757
4	0.010513074
4	0.013784946
4	0.010822316
4	0.0144373
4	0.01312357
4	0.014190256
4	0.012569466
4	0.015749164
4	0.012952727
4	0.012659431
4	0.0149221
4	0.014115005
4	0.018461462
4	0.015418574
4	0.013271776
4	0.014322981
4	0.016748294
4	0.015489565
4	0.016320659
4	0.016337714
4	0.016495464
4	0.013817057
4	0.016407793
4	0.014770072
4	0.016167183
4	0.015939529
3	0.014754311
3	0.013874487
3	0.014710485
3	0.015943531
3	0.014654598
3	0.014045124
3	0.013442679
3	0.013143689
3	0.013848017
3	0.017679273
3	0.013753924
3	0.017210713
3	0.016970228
3	0.014057946
3	0.009397157
3	0.009851603
3	0.017166316
3	0.015292436
3	0.018115263
3	0.010925139
3	0.009221213
3	0.018027817
3	0.015353678
3	0.008775317
3	0.014512301
3	0.010512649
3	0.016796311
3	0.0120027
3	0.011449442
3	0.011259213
3	0.008003374
3	0.012232177
3	0.009751874
3	0.012562696
3	0.01287256
3	0.012054423
3	0.01120962
5	0.014781024
5	0.017449047
5	0.011583134
5	0.010405911
5	0.016480804
5	0.008767776
5	0.016635601
5	0.017195443
5	0.016348723
5	0.017120419
5	0.015468854
5	0.016905042
5	0.01575043
5	0.015497876
5	0.016104722
5	0.015938192
5	0.016004633
5	0.015810705
5	0.016647188
5	0.016779569
5	0.01415307
5	0.011466218
5	0.014780006
5	0.017974764
5	0.017708837
5	0.016560413
5	0.016977696
5	0.018065481
5	0.016291275
5	0.015889392
5	0.017508579
5	0.018618203
5	0.017031486
5	0.017540327
5	0.016892668
5	0.017779346
5	0.017697262
5	0.01600076
5	0.015492883
5	0.010911065
5	0.014809673
5	0.015527369
5	0.015440744
5	0.015712356
5	0.014891205
5	0.016406586
5	0.017754711
5	0.01671041
5	0.017554564
5	0.01739122
5	0.017132186
5	0.016760407
5	0.015898791
5	0.016971754
5	0.0169454
4	0.015690263
4	0.01477194
4	0.015122976
4	0.015868407
4	0.016428727
4	0.016600307
4	0.015011352
4	0.016159949
4	0.01714765
4	0.018276554
4	0.01863944
4	0.017007103
4	0.016696238
4	0.017423958
4	0.014986854
4	0.013002822
4	0.015247112
4	0.016349951
4	0.013821602
4	0.014566887
4	0.010434006
6	0.020104225
6	0.024973913
6	0.018925072
6	0.016549882
6	0.020856465
6	0.020710846
6	0.01104632
6	0.019329609
6	0.016766513
6	0.023172277
6	0.016884096
5	0.021636362
6	0.019196172
6	0.015940801
6	0.017154359
6	0.018794958
6	0.017891191
6	0.019048159
6	0.012013376
6	0.010528705
6	0.016153394
6	0.01777326
6	0.020041
6	0.019458355
6	0.021781521
6	0.018846795
6	0.017739302
6	0.018467968
6	0.018110113
6	0.017940859
6	0.017703669
6	0.017985851
6	0.022728482
6	0.022086336
6	0.021715758
6	0.020903692
6	0.017765767
6	0.014664655
6	0.013566491
5	0.016574702
5	0.014577808
5	0.016692169
5	0.016960952
5	0.017076957
5	0.017432085
5	0.016411595
5	0.016972262
5	0.017448643
5	0.024704524
5	0.01734474
5	0.02635439
5	0.018649
5	0.012258845
5	0.021623908
5	0.021991859
5	0.022076825
5	0.022282282
5	0.021090262
5	0.009598298
5	0.023495807
5	0.014272792
5	0.009542335
5	0.01627021
5	0.017652202
5	0.017735851
5	0.013314531
5	0.016389793
5	0.015980968
5	0.013878292
7	0.027052984
7	0.016484911
7	0.022701456
7	0.022503151
7	0.021543777
7	0.017032245
7	0.025612247
7	0.022592995
7	0.022280527
7	0.019417248
7	0.018302095
7	0.028990608
7	0.0238833
7	0.022550666
7	0.023931505
7	0.025459269
7	0.023531466
7	0.021895157
7	0.026228505
7	0.024816565
7	0.022837951
7	0.024441647
7	0.026428262
7	0.0240954
7	0.024865498
7	0.024574265
7	0.01729261
7	0.023652269
7	0.024316191
7	0.02445654
7	0.026309
6	0.01593546
6	0.021355166
6	0.02097328
6	0.019595797
6	0.020915274
6	0.0217853
6	0.027063861
6	0.024191598
6	0.009416573
6	0.02420533
6	0.021466181
6	0.023478822
6	0.026335125
6	0.021841304
6	0.020670617
6	0.019207961
6	0.012019355
6	0.017463934
6	0.014108433
6	0.008846399
6	0.019799795
6	0.016298937
6	0.016072279
6	0.015195402
8	0.023018577
8	0.013894587
8	0.025445092
8	0.023864043
8	0.024085107
8	0.026052579
8	0.023626541
8	0.025676993
8	0.024556482
7	0.025176633
7	0.023675793
7	0.032293419
7	0.023926509
7	0.018370693
7	0.024355028
8	0.026728105
8	0.024836784
8	0.022452296
8	0.02503822
8	0.023157658
8	0.021365628
8	0.010201003
8	0.023287743
8	0.024697688
8	0.027755014
8	0.016060039
8	0.022404649
8	0.0155151
8	0.023199955
7	0.023781956
7	0.020321907
7	0.022872561
7	0.024796508
7	0.023370924
7	0.021041353
7	0.022531894
7	0.030107874
7	0.026239856
7	0.029239186
7	0.022178505
7	0.028307464
7	0.032390982
7	0.027362161
7	0.025430838
7	0.028351869
7	0.027922862
7	0.030922968
7	0.021145657
7	0.016608378
7	0.017024699
7	0.015306929
7	0.01064158
7	0.018058303
7	0.017702843
9	0.03148947
9	0.030409587
9	0.027083279
9	0.028283281
9	0.02688509
9	0.028390831
9	0.025833281
9	0.034395309
9	0.029211135
10	0.028347488
10	0.025358246
10	0.027183499
10	0.026874301
10	0.026982208
10	0.012683924
10	0.030795654
10	0.031313831
10	0.036167127
10	0.03569503
10	0.032773939
10	0.034299244
10	0.038221124
10	0.034476152
10	0.034399252
10	0.033302207
10	0.024241922
10	0.019042608
10	0.021966365
10	0.037854508
10	0.019220499
9	0.029688197
9	0.027842333
9	0.035202331
9	0.031091039
9	0.029871463
9	0.029741519
9	0.02881245
9	0.040365695
9	0.046271535
9	0.043901897
9	0.040868573
9	0.042071216
9	0.045987754
9	0.034337325
9	0.02663767
9	0.026437072
9	0.033527726
9	0.036093526
9	0.036116436
11	0.036412725
11	0.036265429
11	0.038821858
11	0.034046185
11	0.02537916
11	0.026682511
11	0.027320898
11	0.025748743
11	0.025147521
11	0.028462097
11	0.03280772
11	0.026628535
11	0.03253264
11	0.032183053
11	0.032424167
11	0.047286437
11	0.039891729
11	0.046999942
11	0.049804549
11	0.047125894
11	0.036333991
11	0.035833983
11	0.043766231
11	0.025642608
11	0.026295133
11	0.024498974
11	0.048791335
11	0.047238473
10	0.023582647
10	0.023759794
10	0.02653008
10	0.028330867
10	0.028299145
10	0.025256576
10	0.023320695
10	0.030525163
10	0.028692238
10	0.027097417
10	0.039532802
10	0.017900919
10	0.043522894
10	0.044601264
10	0.0401721
10	0.037106589
10	0.037865505
10	0.032268652
10	0.033089855
10	0.033619926
10	0.025454167
10	0.025944208
11	0.037462608
11	0.033599456
11	0.032126912
11	0.038892403
11	0.036431278
11	0.02996695
11	0.033883254
11	0.037175145
11	0.034436487
11	0.030475646
12	0.023953393
12	0.028455993
12	0.027517323
12	0.022344566
12	0.029677266
12	0.025797017
12	0.037417013
12	0.029039351
12	0.032239524
12	0.030955215
12	0.027574246
12	0.018142244
12	0.027508375
12	0.036808039
12	0.052291351
12	0.030720193
12	0.05521957
11	0.025792312
11	0.027526176
11	0.028343555
11	0.03512131
11	0.026400508
11	0.034554824
11	0.048258642
11	0.036651672
11	0.046105725
11	0.040809894
11	0.050732533
11	0.036348093
11	0.023860988
11	0.027721026
11	0.035657923
11	0.036382305
11	0.019001095
12	0.035781776
12	0.032341851
12	0.037834471
12	0.033957855
12	0.032898092
12	0.023698635
13	0.027601236
13	0.027928099
13	0.027380553
13	0.026676098
13	0.02954783
13	0.043214116
13	0.028666427
13	0.029196128
13	0.028345562
13	0.028540241
13	0.028602452
13	0.030548904
13	0.042610417
13	0.03069136
13	0.035843034
12	0.024565773
12	0.032922611
12	0.027198752
12	0.031873047
12	0.03321777
12	0.041324204
12	0.037229866
12	0.035354168
12	0.033078993
12	0.034941196
12	0.035308816
12	0.033688358
12	0.032993336
12	0.029271987
12	0.038161453
12	0.031175284
12	0.033265385
13	0.030775279
13	0.031911579
13	0.029736754
13	0.032378766
13	0.025574997
14	0.026596704
14	0.033392199
14	0.028467622
14	0.025770908
14	0.032816434
14	0.030552322
14	0.02971845
14	0.025181725
14	0.029018473
14	0.032465902
14	0.026701872
14	0.02820875
14	0.026442898
14	0.034952402
14	0.047308809
14	0.036379739
14	0.049488411
14	0.050191295
14	0.053693013
14	0.055886494
14	0.051503626
13	0.025468057
13	0.031756334
13	0.026326932
13	0.021322181
13	0.028015732
13	0.025079122
13	0.022986595
13	0.026098914
13	0.027797227
13	0.040321202
13	0.044218661
13	0.043944043
13	0.039060867
13	0.043462145
13	0.029609368
13	0.048717447
13	0.035215933
13	0.030589203
13	0.044610171
13	0.040750137
13	0.038471763
13	0.033923792
13	0.037312844
13	0.037907147
14	0.025861398
14	0.031460272
14	0.029372518
14	0.039958088
14	0.03156327
14	0.03309807
14	0.029303949
15	0.03565845
15	0.043788429
15	0.02717865
15	0.026939887
15	0.0548983
15	0.051247958
15	0.031862777
15	0.048261872
14	0.051392981
14	0.027247229
14	0.025575759
14	0.021645438
14	0.027923856
14	0.029773166
14	0.037152305
14	0.048867565
14	0.036610583
14	0.044640051
14	0.044219167
14	0.033207453
14	0.037918866
14	0.032983772
14	0.021700864
14	0.047509334
14	0.043688928
15	0.034119987
15	0.034425287
15	0.03329161
15	0.029181936
15	0.03503124
15	0.030153046
15	0.036921014
15	0.037378952
15	0.045030243
15	0.046900486
15	0.034903131
15	0.039858932
15	0.039598759
15	0.040217464
15	0.041393252
15	0.037638725
15	0.041271482
15	0.036011957
15	0.037286991
15	0.050139314
15	0.046806443
15	0.024878968
15	0.045214667
15	0.03509616
16	0.030992132
16	0.031724143
16	0.035755608
16	0.031932088
16	0.035492298
16	0.038167539
16	0.036954366
16	0.035037993
16	0.038493199
16	0.03208701
16	0.028242646
16	0.030032414
16	0.034249148
16	0.029594332
16	0.031050326
16	0.050880045
16	0.052143546
16	0.054170056
15	0.0211544
15	0.024549325
15	0.025080904
15	0.028508958
15	0.028253253
15	0.028036437
15	0.026148096
15	0.030817288
18	0.042513446
18	0.044455016
18	0.048287325
18	0.046197679
18	0.044494457
18	0.054000675
18	0.049275381
18	0.050253112
18	0.040263819
18	0.051287919
18	0.053981056
18	0.051489307
18	0.057030944
18	0.052656877
18	0.042079266
17	0.029763138
17	0.031453191
17	0.02490267
17	0.033851759
17	0.03248907
17	0.029780792
17	0.038431772
17	0.038730837
17	0.037825708
17	0.036802942
17	0.024334689
17	0.041710715
17	0.0414955
17	0.04081934
18	0.031877304
18	0.053203484
18	0.033462338
18	0.034787239
18	0.037920071
18	0.033930209
18	0.035585393
18	0.034060128
19	0.047968997
19	0.051557642
19	0.050361655
19	0.048261973
19	0.050019921
19	0.04445945
19	0.037441463
19	0.041506086
19	0.049359847
19	0.032946585
19	0.036461083
19	0.059258309
19	0.053409655
18	0.038990632
18	0.034782491
18	0.034733209
18	0.034487085
18	0.033926976
18	0.033601678
18	0.040105988
18	0.036827988
18	0.038671662
18	0.045966688
18	0.052172435
18	0.044428189
18	0.045411744
18	0.042311732
18	0.048483067
18	0.046594464
18	0.047937859
18	0.047814494
19	0.031980985
19	0.034094251
19	0.03047274
19	0.033173408
19	0.035007468
19	0.032852676
19	0.035536755
20	0.068478887
20	0.06880275
20	0.063822588
20	0.064758717
20	0.05592099
20	0.058443927
20	0.066506062
20	0.055395231
20	0.048854635
19	0.04260789
19	0.042877127
19	0.06416493
19	0.060040802
19	0.065873482
19	0.052590513
19	0.067908907
19	0.050254882
19	0.045697473
19	0.043130444
19	0.045199706
19	0.048994293
19	0.036030653
19	0.045725324
20	0.032001902
20	0.030940962
20	0.036675307
20	0.03620002
20	0.034508347
20	0.033778411
21	0.048185835
21	0.050714155
22	0.05089769
22	0.050906685
22	0.051945769
20	0.055847221
20	0.049477704
20	0.043035054
20	0.044432761
20	0.05176642
20	0.041124116
20	0.046406042
22	0.03549926
22	0.035267006
22	0.03461411
22	0.032291986
22	0.037084588
0	0.008585651
0	0.00833128
0	0.008675032
0	0.008636832
0	0.008174461
0	0.008892753
0	0.009044199
0	0.008425015
0	0.009156211
0	0.008262581
0	0.008580553
0	0.008414411
0	0.008215125
0	0.008484906
0	0.008321079
0	0.008596117
0	0.008736344
0	0.009159539
0	0.008753481
0	0.008508016
0	0.008442415
0	0.008380223
0	0.008284853
0	0.008997768
0	0.008992946
0	0.00934994
0	0.009215263
0	0.009027553
0	0.009023488
0	0.008920965
0	0.008749176
0	0.00969765
0	0.008704873
0	0.009132201
0	0.008635049
0	0.00996103
0	0.008547363
0	0.008913908
0	0.008429374
0	0.009397779
0	0.010032385
0	0.009708992
0	0.009908835
0	0.010121474
0	0.009512207
0	0.009758559
0	0.009317522
0	0.008717305
0	0.008741309
0	0.008847437
0	0.008679285
0	0.009231019
0	0.008667064
0	0.008171492
0	0.008222082
0	0.008240881
0	0.00886709
0	0.008798072
0	0.008777217
0	0.008834778
0	0.008665841
0	0.00867431
0	0.008975104
0	0.00849362
0	0.008518154
0	0.008719448
0	0.008298803
0	0.008834416
0	0.009195041
0	0.008688097
0	0.008823087
0	0.008967494
0	0.009258237
0	0.00886925
0	0.008801936
0	0.009141302
0	0.009316871
0	0.008991209
0	0.008387093
0	0.009343681
1	0.010227919
1	0.012079039
1	0.010071068
1	0.011922825
1	0.012055603
1	0.01209601
1	0.011908741
1	0.011532161
1	0.011154629
1	0.010811853
1	0.010997098
1	0.01107537
1	0.010426505
1	0.011314608
1	0.010818215
1	0.010843562
1	0.011933612
1	0.009285727
1	0.009738678
1	0.009912396
1	0.009972396
1	0.009699795
1	0.009851182
1	0.009300806
1	0.009596028
1	0.009850828
1	0.012151746
1	0.010970968
1	0.011321288
1	0.00984644
1	0.011506926
1	0.011818081
1	0.00953676
1	0.010080159
1	0.009616869
1	0.009930407
1	0.010130862
1	0.011371756
1	0.009726186
1	0.010722272
1	0.010861388
1	0.010343132
1	0.010172039
1	0.010304459
1	0.00991297
1	0.012071753
1	0.01138506
1	0.01121774
1	0.010853702
1	0.009605793
1	0.010761651
1	0.009470011
1	0.009217166
1	0.010212779
1	0.010332008
1	0.010316107
1	0.009263481
1	0.008517337
1	0.009679705
1	0.010318014
1	0.00980017
1	0.009649274
1	0.00974542
1	0.009585955
1	0.00981634
1	0.01346259
1	0.009697416
0	0.0102906
0	0.009069772
0	0.010454411
0	0.011535662
0	0.009273471
0	0.008219737
0	0.009889063
0	0.009761762
0	0.010189823
0	0.010692599
1	0.009556138
1	0.009162385
1	0.009193969
1	0.00983331
1	0.009349712
1	0.009097169
1	0.01131942
1	0.00846403
1	0.00935639
1	0.009429569
1	0.008892163
2	0.012650311
2	0.012557541
2	0.009853374
2	0.014747283
2	0.013937293
2	0.013914725
2	0.01525291
2	0.014486392
2	0.014536349
2	0.013780673
2	0.014106713
2	0.014901024
2	0.019847978
2	0.011729699
2	0.014910726
2	0.01246342
2	0.009292597
2	0.012867237
2	0.015098182
2	0.010367807
2	0.012864322
2	0.011577529
2	0.011156282
2	0.010291512
2	0.011907976
2	0.012940862
2	0.012203774
2	0.012546428
2	0.011637071
2	0.012312474
2	0.012431968
2	0.012125864
2	0.012218744
2	0.012749138
2	0.012305748
2	0.012208664
2	0.01188563
2	0.014087222
2	0.012982821
2	0.013548606
2	0.013800287
2	0.014345413
2	0.014473718
2	0.014447598
2	0.012713468
2	0.012430811
2	0.013278431
2	0.011395444
2	0.012753411
2	0.01273528
2	0.012393163
2	0.008889997
2	0.010531859
2	0.009809544
2	0.010003028
2	0.010216574
1	0.01247778
1	0.010996785
1	0.010451144
1	0.010923588
1	0.012346622
1	0.012676505
1	0.010478217
1	0.010264514
1	0.009868582
2	0.013728037
2	0.013778451
2	0.014051048
2	0.012810611
2	0.013096091
2	0.013927424
2	0.01202376
2	0.011465497
4	0.018567905
4	0.019021531
4	0.018754758
4	0.018823754
4	0.01876804
4	0.01897633
4	0.018347404
4	0.014394688
4	0.013915572
4	0.018670973
4	0.018445732
4	0.017092697
4	0.016639812
4	0.017472501
4	0.016298608
4	0.01651846
4	0.01844863
4	0.016662716
4	0.015145024
4	0.015004005
4	0.010934341
4	0.016981878
4	0.012016531
4	0.01009348
4	0.013565585
4	0.012193414
4	0.013283808
4	0.015138981
4	0.013423165
4	0.012046844
4	0.013147603
4	0.015070416
4	0.013165472
4	0.013151913
4	0.017286016
4	0.016650254
4	0.017701962
4	0.023514774
4	0.018815846
4	0.017347982
4	0.022152392
4	0.018143211
4	0.021733216
4	0.017112373
4	0.018166986
4	0.015296874
4	0.01401396
4	0.018463457
4	0.017645913
4	0.016707357
4	0.013385079
4	0.016007756
4	0.009716941
4	0.009644867
4	0.009302208
4	0.015766573
4	0.015681116
4	0.010170113
4	0.019169859
4	0.009372255
4	0.011435571
4	0.012002216
4	0.013643136
4	0.007745755
4	0.010753274
4	0.010932535
4	0.011143685
4	0.00882278
4	0.017365034
4	0.013865761
4	0.012627783
4	0.016520664
4	0.01065406
4	0.017813482
4	0.018663435
4	0.010006194
4	0.017253101
4	0.013770245
4	0.012364695
4	0.011100198
3	0.01853155
3	0.017858926
3	0.016923449
3	0.018092492
3	0.01761402
3	0.017972969
3	0.01779398
3	0.00935744
3	0.017800332
3	0.019189484
4	0.017414286
4	0.016870218
4	0.01553251
4	0.017669144
4	0.015992782
4	0.016516645
4	0.017400759
4	0.016512881
4	0.015193582
4	0.014810581
5	0.013642509
5	0.022414779
5	0.013328187
5	0.013085753
5	0.022353215
5	0.022438497
5	0.025835075
5	0.022222428
5	0.022246782
5	0.02211112
5	0.01168393
5	0.011200794
5	0.010997724
5	0.012963034
5	0.010508949
5	0.013593677
5	0.012848023
5	0.013410458
5	0.013217083
5	0.012580803
5	0.01113685
5	0.014483486
5	0.019093575
5	0.020355499
5	0.019970427
5	0.025317516
5	0.02569357
5	0.023650012
5	0.025866117
5	0.022996201
5	0.022569087
5	0.021507183
5	0.024899973
5	0.023652202
5	0.015531345
5	0.017813024
5	0.016362581
5	0.018559806
5	0.020722079
5	0.016712814
5	0.014899843
5	0.025447377
5	0.021936388
5	0.024196485
5	0.022539116
5	0.01751185
5	0.022871747
4	0.020191514
4	0.018215444
4	0.017626071
4	0.022049139
4	0.015968509
5	0.020053612
5	0.023359559
5	0.017575649
5	0.017645835
5	0.017941651
5	0.022624749
5	0.022345357
5	0.022636581
5	0.020738007
5	0.016819202
5	0.017392499
5	0.016635754
5	0.017168604
5	0.017838778
5	0.016549829
5	0.016135546
5	0.017626834
5	0.016581143
6	0.024597084
6	0.023644444
6	0.025231982
6	0.021751514
6	0.027617468
6	0.024612272
6	0.026838097
6	0.023596528
6	0.024508515
6	0.026083241
6	0.020720106
6	0.021588221
6	0.020416686
6	0.020197518
6	0.020519271
6	0.020976744
6	0.02085191
6	0.02090151
6	0.021105739
6	0.013537093
6	0.014675433
6	0.013891279
6	0.014610977
6	0.012392434
6	0.013272456
6	0.011091335
6	0.013674037
6	0.012555683
6	0.014073013
6	0.013495574
6	0.027512502
6	0.011733359
6	0.02347816
6	0.022737081
6	0.023490799
6	0.025643262
6	0.022870872
6	0.026349011
6	0.024900901
6	0.023779686
6	0.02393835
6	0.023309472
6	0.026839644
6	0.021794592
6	0.022910396
6	0.01830562
6	0.024932158
6	0.024812837
6	0.017023621
6	0.016806543
6	0.023074964
6	0.019827122
6	0.024498756
6	0.009723053
6	0.022732317
6	0.025531073
6	0.026315465
6	0.023505454
6	0.026014326
6	0.025018251
6	0.024575563
6	0.025264494
5	0.02569093
5	0.02251998
5	0.021405999
5	0.023717834
5	0.026274064
5	0.021290682
5	0.026766661
5	0.023161
5	0.022576013
6	0.019782398
6	0.028183697
6	0.025903551
6	0.022287545
6	0.01660945
6	0.027502582
6	0.02830736
7	0.028978137
7	0.027039311
7	0.027983188
7	0.030884974
7	0.029573614
7	0.049114194
7	0.032320963
7	0.03027436
7	0.021436419
7	0.020730156
7	0.020069243
7	0.021013691
7	0.019289819
7	0.01919818
7	0.020776367
7	0.01504558
7	0.013670384
7	0.015202615
7	0.013822623
7	0.013288264
7	0.01324236
7	0.012802036
7	0.014089249
7	0.023282107
7	0.025555447
7	0.021795163
7	0.024350982
7	0.025688154
7	0.022922671
7	0.028157645
7	0.022433455
7	0.025747416
7	0.031549077
7	0.029864984
7	0.011418009
7	0.021656517
7	0.024195137
7	0.014983587
7	0.022162031
7	0.01361174
7	0.026673025
7	0.022359657
7	0.028407979
7	0.02393433
7	0.032492148
7	0.03107701
7	0.028800189
7	0.012896064
7	0.032118605
7	0.031956793
7	0.029469025
7	0.033960962
7	0.031611098
7	0.029741308
6	0.035188939
6	0.029753793
6	0.03089337
6	0.028193089
6	0.030052742
6	0.031208545
6	0.032562734
6	0.032488505
6	0.025578658
7	0.035958598
7	0.02378565
7	0.034793634
7	0.035898352
7	0.03401874
7	0.032199092
7	0.035141165
8	0.029804495
8	0.029307841
8	0.031190947
8	0.032489324
8	0.031528463
8	0.030897825
8	0.02725297
8	0.03194714
8	0.028544956
8	0.019838653
8	0.022632815
8	0.021567532
8	0.023474877
8	0.022546929
8	0.021521565
8	0.022086791
8	0.021441993
8	0.020217743
8	0.022078384
8	0.021717502
8	0.015234899
8	0.015144045
8	0.012172276
8	0.013126474
8	0.012820866
8	0.015490949
8	0.014601561
8	0.015128153
8	0.014656313
8	0.014774604
8	0.014876342
8	0.023779362
8	0.026315974
8	0.023478757
8	0.025207898
8	0.022421896
8	0.058564964
8	0.027742717
8	0.025646905
8	0.063870983
8	0.030102293
8	0.025451013
8	0.023382467
8	0.024278641
8	0.022285465
8	0.021363566
8	0.024967357
8	0.019888789
8	0.023638158
8	0.027962179
8	0.024936671
8	0.035683102
8	0.011874314
8	0.027539011
8	0.032593696
8	0.029056875
8	0.027215637
8	0.02820362
7	0.030804374
7	0.028935762
7	0.028492179
7	0.021558052
7	0.030236742
7	0.023728125
7	0.029556489
7	0.026083097
7	0.028082984
8	0.028196198
8	0.031359625
8	0.029159554
8	0.022492539
8	0.030464264
8	0.034098247
8	0.033568351
8	0.033419176
8	0.034452315
10	0.052135973
10	0.047654211
10	0.043824708
10	0.043722124
10	0.047076476
10	0.041390025
10	0.026528146
10	0.040667307
10	0.042359445
10	0.043091178
10	0.042914146
10	0.043608806
10	0.032317804
10	0.03079631
10	0.032714278
10	0.03144609
10	0.033286306
10	0.029990072
10	0.032622556
10	0.02683739
10	0.027433789
10	0.019767911
10	0.02132686
10	0.021972304
10	0.00929708
10	0.0217915
10	0.028242478
10	0.019905926
10	0.027715822
10	0.022029684
10	0.022382518
10	0.026570713
10	0.019446598
10	0.043793902
10	0.03993131
10	0.045767721
10	0.034729061
10	0.037111257
10	0.049457318
10	0.050428985
10	0.03700264
10	0.037299641
10	0.03665346
10	0.037912288
10	0.033838189
10	0.036530493
10	0.034185078
10	0.052605374
10	0.052808843
10	0.052667424
10	0.060243882
10	0.060395763
9	0.044602015
9	0.049374181
9	0.04657457
9	0.044598843
9	0.030864731
9	0.045699306
9	0.043516112
9	0.035679653
9	0.042658511
9	0.045269538
9	0.04448718
9	0.046899168
9	0.044571487
9	0.044610474
9	0.044320234
9	0.044525889
10	0.052426832
10	0.052037261
10	0.02593315
10	0.051460857
10	0.037065948
10	0.048428249
11	0.03405854
11	0.034748888
11	0.036035862
11	0.033941049
11	0.040823054
11	0.039305724
11	0.031823248
11	0.03537397
11	0.035024972
11	0.039598443
11	0.035278312
11	0.035430532
11	0.030380833
11	0.032362085
11	0.034634245
11	0.037055217
11	0.028806811
11	0.02928353
11	0.028766848
11	0.035847519
11	0.027949346
11	0.028668264
11	0.033216292
11	0.032744549
11	0.030096888
11	0.035910964
11	0.034530742
11	0.023298288
11	0.02476617
11	0.033568882
11	0.026947065
11	0.041039442
11	0.025723967
11	0.029666965
11	0.046178158
11	0.033110168
11	0.03955555
11	0.031639737
11	0.038233048
11	0.035152496
11	0.031445668
11	0.046196767
11	0.033986297
11	0.031863924
11	0.037565578
11	0.030361382
11	0.035782643
11	0.028618578
11	0.034203702
11	0.05674335
11	0.051252715
11	0.043462344
11	0.05113412
11	0.055921398
11	0.050176663
11	0.053931203
10	0.0417649
10	0.049178795
10	0.041377313
10	0.047122006
10	0.04483091
10	0.043845107
11	0.043925262
11	0.039556215
11	0.048943123
11	0.046819447
11	0.046179958
11	0.040946658
11	0.049188054
12	0.039620436
12	0.039611775
12	0.038940681
12	0.040415574
12	0.040934666
12	0.031772556
12	0.035269756
12	0.029548603
12	0.031507784
12	0.034771528
12	0.031458841
12	0.029857946
12	0.029327595
12	0.026618578
12	0.026127618
12	0.027476249
12	0.031569597
12	0.028818813
12	0.049592506
12	0.044756063
12	0.037419875
12	0.045676232
12	0.033425074
12	0.038272709
12	0.054315763
12	0.052131789
12	0.053140116
12	0.049658338
12	0.051962226
12	0.052760704
11	0.039871429
11	0.047820608
11	0.048951577
11	0.044445008
12	0.042614442
12	0.034362447
12	0.047175004
12	0.046407982
12	0.040805997
13	0.040581309
13	0.029196482
13	0.029630812
13	0.024205979
13	0.028452115
13	0.027792934
13	0.028489697
13	0.029576991
13	0.025144386
13	0.024061768
13	0.030553831
13	0.033148218
13	0.031664346
13	0.02717344
13	0.031055498
13	0.035719969
13	0.034192653
13	0.034924838
13	0.032512101
13	0.035594824
13	0.036079152
13	0.023461723
13	0.030645072
13	0.034008424
13	0.041007248
13	0.031314706
13	0.043666287
13	0.02939364
13	0.021399022
13	0.030390662
13	0.05141527
13	0.049023408
13	0.051054082
13	0.046070885
12	0.041012115
12	0.039846396
12	0.036283229
12	0.041301775
12	0.034503282
13	0.036682087
13	0.040765217
13	0.036233118
13	0.040975035
13	0.036860167
14	0.033014408
14	0.041077933
14	0.034988426
14	0.039990774
14	0.035707913
14	0.038437027
14	0.040164842
14	0.034972263
14	0.035585936
14	0.034599415
14	0.035341494
14	0.035687288
14	0.036149284
14	0.026358515
14	0.029129325
14	0.050142742
14	0.027857852
14	0.033657617
14	0.0255872
14	0.028918363
14	0.028694286
14	0.030916683
14	0.030844801
14	0.042324283
14	0.03396335
14	0.030074199
14	0.043798694
14	0.038213461
14	0.032336876
14	0.032760823
14	0.040610052
14	0.027578653
14	0.029166997
14	0.038925394
14	0.037585082
14	0.049769205
14	0.054876802
14	0.054513933
13	0.023890362
13	0.032435989
13	0.042087016
13	0.043293406
13	0.032674696
14	0.04251534
14	0.043662062
14	0.041567803
14	0.042827498
14	0.048903473
14	0.030753838
14	0.039926858
15	0.034963767
15	0.036730521
15	0.032791534
15	0.039145481
15	0.032019776
15	0.034521629
15	0.036354524
15	0.04190475
15	0.025563014
15	0.037598543
15	0.029445238
15	0.033197309
15	0.031052203
15	0.034543648
15	0.030234321
15	0.027557004
15	0.033105076
15	0.030134717
15	0.030356646
15	0.029968332
15	0.039598697
15	0.028727184
15	0.030485943
15	0.037898672
15	0.040196277
15	0.036178882
15	0.044325985
15	0.030024014
15	0.030851587
15	0.029696098
15	0.038900313
15	0.038202779
15	0.051484874
15	0.056524034
15	0.058887301
15	0.050936957
15	0.052713163
15	0.050217679
14	0.040784603
14	0.036692442
14	0.030513075
14	0.03970514
14	0.043203856
14	0.048017588
15	0.042783918
15	0.035776715
15	0.043814634
15	0.039286847
15	0.037548226
16	0.036921014
16	0.037378952
16	0.045030243
16	0.034903131
16	0.039598759
16	0.040217464
16	0.041393252
16	0.041271482
16	0.046806443
16	0.024878968
16	0.045214667
16	0.03509616
16	0.035755608
16	0.035492298
16	0.035332819
16	0.036954366
16	0.032448905
16	0.037270031
16	0.028521835
16	0.035037993
16	0.038493199
16	0.03208701
16	0.028242646
16	0.030032414
16	0.034249148
16	0.052143546
16	0.054170056
16	0.0211544
16	0.024549325
16	0.020201464
16	0.021920636
16	0.028508958
16	0.03497149
16	0.053119203
16	0.050897553
16	0.053860202
15	0.039216447
15	0.030817288
15	0.045349293
15	0.028823862
16	0.03512128
16	0.040796008
16	0.039862433
16	0.026043415
16	0.040383769
18	0.035987112
18	0.038212964
18	0.037598791
18	0.035752081
18	0.033469049
18	0.039492126
18	0.034036411
0	0.007849706
0	0.008518568
0	0.00850469
0	0.009185699
0	0.008775362
0	0.008809514
0	0.008916594
0	0.009716361
0	0.009295844
0	0.009540221
0	0.00983293
0	0.008047855
0	0.007992468
0	0.010375952
0	0.010217574
0	0.011052547
0	0.009720426
0	0.010195713
0	0.009518784
0	0.00967302
0	0.011092591
0	0.010632464
0	0.010099227
0	0.009773983
0	0.01047908
0	0.010057454
0	0.009992089
0	0.010111518
0	0.010128357
0	0.010661231
0	0.009423145
0	0.008870778
0	0.00920423
0	0.008905335
0	0.008807838
0	0.008683039
0	0.008288883
0	0.008502398
0	0.009174967
0	0.007917585
0	0.008791641
0	0.009832224
0	0.008814807
0	0.008974348
0	0.008138368
0	0.009603471
0	0.009095198
0	0.008855621
0	0.009330192
0	0.009589923
0	0.008241341
0	0.009008074
0	0.009118577
0	0.008412898
0	0.008826957
0	0.008439064
0	0.008795347
0	0.009352072
0	0.009065579
0	0.009287241
0	0.008712473
0	0.008856501
0	0.008887474
0	0.00953906
0	0.008933894
0	0.008698842
0	0.008605706
0	0.008887283
0	0.009989075
0	0.009684606
0	0.009601589
0	0.009625612
0	0.010367501
0	0.008724246
0	0.009686043
0	0.010293267
0	0.009609609
0	0.009817887
0	0.010101574
0	0.01073021
0	0.009712593
0	0.009108212
0	0.010803815
0	0.01056427
0	0.010537112
0	0.009478468
0	0.009939511
0	0.010309267
1	0.011202927
1	0.010834135
1	0.010396509
1	0.011078082
1	0.01176908
1	0.01040745
1	0.010938707
1	0.009295684
1	0.010392393
1	0.009222249
1	0.010082248
1	0.010037022
1	0.010402595
1	0.010793437
1	0.010427635
1	0.009718624
1	0.009360573
1	0.010166938
1	0.010118711
1	0.009607701
1	0.011360435
1	0.009860605
1	0.008972263
1	0.009589743
1	0.01047116
1	0.011197213
1	0.011201739
1	0.01083289
1	0.010541917
1	0.011246883
1	0.009971602
1	0.010000757
1	0.009726684
1	0.009409857
1	0.009718185
1	0.009033703
1	0.010197729
1	0.009792895
1	0.010156432
1	0.011448515
1	0.01135715
1	0.011419561
1	0.01205015
1	0.017685728
1	0.010951002
1	0.009064925
1	0.011565558
1	0.011387178
1	0.011757998
1	0.011988002
1	0.011383073
1	0.011730173
1	0.011147189
1	0.011321251
1	0.014029093
1	0.011788187
1	0.011873324
1	0.012076668
1	0.011511505
1	0.011151916
1	0.011647421
1	0.011090773
1	0.011308863
1	0.011840671
1	0.011462696
1	0.012069974
1	0.011053586
1	0.011046373
1	0.010887566
1	0.012151886
1	0.011092582
1	0.010614829
1	0.011931545
1	0.011288495
1	0.013064878
1	0.012820668
1	0.013143211
1	0.012174592
1	0.010904754
1	0.010874614
1	0.010938277
1	0.010703522
1	0.010842738
1	0.010324705
2	0.01372203
2	0.014340089
2	0.011961843
2	0.015207412
2	0.010311554
2	0.013531417
2	0.016508585
2	0.013956173
2	0.009440272
2	0.013442075
2	0.013672385
2	0.014486702
2	0.013650437
2	0.01345796
2	0.015140334
2	0.014862699
2	0.015154475
2	0.015380427
2	0.013955589
2	0.012705377
2	0.013634913
2	0.01358304
2	0.014619567
2	0.013976075
2	0.014032036
2	0.013670106
2	0.012848844
2	0.012940008
2	0.01456261
2	0.013092986
2	0.013643586
2	0.012873521
2	0.012237294
2	0.012731394
2	0.012133409
2	0.012154859
2	0.012840025
2	0.012531799
2	0.013173649
2	0.011706712
2	0.011792581
2	0.014239453
2	0.014423644
2	0.015058858
2	0.013749856
2	0.013569147
2	0.014610146
2	0.013266756
2	0.014672099
2	0.014556839
2	0.015013464
2	0.014145993
2	0.014396596
2	0.014398508
2	0.014575932
2	0.013920982
2	0.013339834
2	0.015154701
2	0.011494446
2	0.011980972
2	0.014214191
2	0.014819544
2	0.014330504
2	0.013163793
2	0.012917676
2	0.013903934
2	0.014676195
2	0.013462977
2	0.014377791
2	0.014379242
2	0.016212222
2	0.016385997
2	0.017050596
2	0.016016588
2	0.016185455
2	0.016127239
2	0.016320332
4	0.021273836
4	0.021625608
4	0.021870457
4	0.023458128
4	0.020981107
4	0.022001855
4	0.02606722
4	0.022177731
4	0.022505425
4	0.024497369
4	0.020315269
4	0.020825289
4	0.021827949
4	0.021578789
4	0.024342914
4	0.020009461
4	0.019247048
4	0.021449981
4	0.020217606
4	0.021852694
4	0.020643354
4	0.02197683
4	0.021234769
4	0.017639101
4	0.017553115
4	0.017280215
4	0.018201706
4	0.017373096
4	0.017480824
4	0.017899537
4	0.017681553
4	0.016220338
4	0.017589116
4	0.02033718
4	0.014682209
4	0.021146437
4	0.021420166
4	0.01408447
4	0.017397561
4	0.014557083
4	0.018844426
4	0.020254346
4	0.020344998
4	0.020566942
4	0.021597973
4	0.021690086
4	0.021587307
4	0.02135739
4	0.022984946
4	0.023170861
4	0.01404193
4	0.020938984
4	0.021977199
4	0.014911005
4	0.021350078
4	0.023952385
4	0.024358162
4	0.022076233
4	0.02446208
4	0.022075746
4	0.021928404
4	0.022665964
4	0.021427424
4	0.022556861
4	0.020996347
4	0.022273611
4	0.023019367
4	0.014380926
4	0.018223016
4	0.021813035
4	0.022659737
4	0.018296929
4	0.024020306
4	0.022639501
4	0.020311465
4	0.022656548
4	0.023866705
4	0.022795385
4	0.02207307
4	0.021864652
4	0.02316296
4	0.023444973
4	0.023254249
4	0.021586524
5	0.027051592
5	0.024361886
5	0.028990739
5	0.029963979
5	0.016673746
5	0.023879557
5	0.023540188
5	0.025432925
5	0.026753452
5	0.023569108
5	0.024711523
5	0.023386547
5	0.022022734
5	0.020471453
5	0.013817594
5	0.020570138
5	0.020113768
5	0.020811842
5	0.021351792
5	0.018937694
5	0.026037196
5	0.018465954
5	0.020657817
5	0.025388628
5	0.020542647
5	0.026799717
5	0.025245246
5	0.02357586
5	0.021584907
5	0.013595544
5	0.024776246
5	0.024152156
5	0.023889504
5	0.022982135
5	0.018837534
5	0.023775998
5	0.021177892
5	0.024299949
5	0.020593893
5	0.025604232
5	0.022521723
5	0.02440538
5	0.021082493
5	0.025410155
5	0.024001569
5	0.028698348
5	0.024454644
5	0.023714086
5	0.021177367
5	0.02306097
5	0.019187983
5	0.019055891
5	0.021409362
5	0.022171159
5	0.020608586
5	0.021143953
5	0.020666
5	0.022099837
5	0.020399919
5	0.019431473
6	0.03601295
6	0.036682898
6	0.038554679
6	0.035675206
6	0.01060866
6	0.035977332
6	0.029734562
6	0.03290725
6	0.029307002
6	0.03998785
6	0.034335179
6	0.039014949
6	0.036995243
6	0.028524184
6	0.036419226
6	0.034590557
6	0.037627309
6	0.036169504
6	0.03875045
6	0.026043226
6	0.024149517
6	0.018396175
6	0.030081185
6	0.023803841
6	0.024784261
6	0.032176334
6	0.027219608
6	0.029749231
6	0.028120988
6	0.026482317
6	0.02961118
6	0.032199401
6	0.03090695
6	0.02957065
6	0.034164557
6	0.026740701
6	0.026077823
6	0.026016637
6	0.022697988
6	0.020814432
6	0.022956176
6	0.027134589
6	0.026475392
6	0.023267006
6	0.025930294
6	0.026189001
6	0.027048666
6	0.024108559
6	0.022707696
6	0.029689694
6	0.032464755
6	0.028674867
6	0.026919111
6	0.024956518
6	0.023046153
6	0.024952333
6	0.024553516
6	0.03003508
6	0.025966472
6	0.025323068
6	0.025833111
6	0.025351824
7	0.038702987
7	0.03593099
7	0.045512671
7	0.036911278
7	0.045293964
7	0.03592602
7	0.035353424
7	0.027813948
7	0.034027417
7	0.028948899
7	0.049497993
7	0.035101214
7	0.027666701
7	0.02980228
7	0.028791234
7	0.047180735
7	0.029316415
7	0.035190817
7	0.033627654
7	0.0532073
7	0.034426137
7	0.03231259
7	0.036116146
7	0.031942548
7	0.03281596
7	0.020577844
7	0.020956382
7	0.0219758
7	0.01834636
7	0.023266101
7	0.02064108
7	0.020624136
7	0.014856682
7	0.023424059
7	0.02671025
7	0.026670065
7	0.021881349
7	0.026066193
7	0.020942641
7	0.024445773
7	0.023828681
7	0.026868906
7	0.024591901
7	0.022399491
7	0.028252324
7	0.029123229
7	0.026495314
7	0.025413626
7	0.028561326
7	0.023998018
7	0.025323843
7	0.027594999
7	0.027018237
7	0.026208038
7	0.02581587
7	0.026315469
7	0.026436236
7	0.022902339
7	0.022756914
7	0.023435297
7	0.028940808
7	0.020967609
7	0.023837668
7	0.020752584
7	0.020407165
7	0.02115587
8	0.036725799
8	0.040970607
8	0.047733325
8	0.045375361
8	0.040964247
8	0.043864789
8	0.042661293
8	0.031588384
8	0.030786026
8	0.029432533
8	0.0220762
8	0.027646238
8	0.030763017
8	0.033383238
8	0.034623548
8	0.029644385
8	0.018544243
8	0.021806199
8	0.01518474
8	0.021753568
8	0.022847775
8	0.024694474
8	0.015257542
8	0.027834298
8	0.014973921
8	0.021081441
8	0.022489811
8	0.025112579
8	0.024157748
8	0.022766483
8	0.023473712
8	0.024035044
8	0.020887037
8	0.022275183
8	0.026342644
8	0.025151659
8	0.031403461
8	0.023503679
8	0.024151662
8	0.027496761
8	0.02718938
8	0.029579616
8	0.030062623
8	0.022139691
8	0.027779833
8	0.022689872
8	0.023469351
8	0.023222256
8	0.022541412
8	0.025439918
8	0.023464471
8	0.021871485
8	0.021742488
8	0.0191805
8	0.021966037
8	0.0219477
8	0.019234202
8	0.020296387
8	0.020575065
8	0.021892529
10	0.054536743
10	0.062451496
10	0.067324856
10	0.05108507
10	0.063637533
10	0.068420094
10	0.045513579
10	0.042814502
10	0.046941612
10	0.057865958
10	0.045812252
10	0.054067524
10	0.051650233
10	0.04276339
10	0.039437067
10	0.031115066
10	0.050711825
10	0.035798586
10	0.037185227
10	0.036855791
10	0.033402742
10	0.037914924
10	0.036959439
10	0.0431977
10	0.035690634
10	0.036897162
10	0.037554979
10	0.035508527
10	0.039594612
10	0.034846949
10	0.031297971
10	0.039087097
10	0.0386392
10	0.039914322
10	0.04027767
10	0.039307904
10	0.035348101
10	0.04082657
10	0.036552476
10	0.045297781
10	0.045715923
10	0.037087608
10	0.039588421
10	0.042071442
10	0.036075262
10	0.046100792
10	0.050408652
10	0.048249353
10	0.043543433
10	0.042563515
10	0.046209952
10	0.047675578
10	0.033162661
10	0.050425647
10	0.042381239
10	0.048062667
11	0.050934547
11	0.059157734
11	0.053013798
11	0.040112469
11	0.036241959
11	0.037829302
11	0.038899435
11	0.042457718
11	0.045019156
11	0.037666341
11	0.042404172
11	0.047643143
11	0.035060213
11	0.043841071
11	0.02094149
11	0.041460178
11	0.033402824
11	0.031786465
11	0.036023102
11	0.039105339
11	0.030664677
11	0.030352591
11	0.035587836
11	0.036867424
11	0.035260667
11	0.034207212
11	0.033355891
11	0.029048018
11	0.030101785
11	0.037816145
11	0.030197442
11	0.038087622
11	0.037120633
11	0.039920781
11	0.036909405
11	0.035491978
11	0.034924061
11	0.04710476
11	0.037213759
11	0.032051107
11	0.034628297
11	0.038164898
11	0.039591974
11	0.04102107
11	0.03660437
11	0.041805258
11	0.041322757
11	0.039110226
11	0.037133748
11	0.042226404
11	0.038611829
11	0.041541885
11	0.036193023
11	0.039218953
12	0.05532112
12	0.04784514
12	0.055045807
12	0.053844595
12	0.037153728
12	0.03993296
12	0.034420295
12	0.040816177
12	0.036309075
12	0.039310049
12	0.040927291
12	0.047956108
12	0.037403763
12	0.046663149
12	0.041344704
12	0.044380111
12	0.043344889
12	0.038977535
12	0.032124001
12	0.03366363
12	0.037262437
12	0.032044186
12	0.031966802
12	0.032676845
12	0.037914295
12	0.038907507
12	0.032209708
12	0.036092504
12	0.034383483
12	0.04353813
12	0.040238353
12	0.037406581
12	0.041807445
12	0.048851536
12	0.036192257
12	0.035033238
12	0.044922325
12	0.03370516
12	0.044230412
12	0.039726646
12	0.044273566
12	0.038426683
13	0.048061867
13	0.048448882
13	0.048243717
13	0.048074967
13	0.05280266
13	0.041271122
13	0.033474122
13	0.039787004
13	0.04445569
13	0.035877797
13	0.035321389
13	0.049194657
13	0.043442381
13	0.033856361
13	0.033025214
13	0.0475756
13	0.04697949
13	0.044385036
13	0.033603181
13	0.024896865
13	0.030358918
13	0.027495713
13	0.030688527
13	0.0299489
13	0.031428549
13	0.030722272
13	0.024057949
13	0.035576658
13	0.033409396
13	0.030625396
13	0.030619878
13	0.036047106
13	0.036304454
13	0.030023278
13	0.028673881
13	0.026517873
13	0.033286356
13	0.031162538
13	0.034188632
13	0.033390791
13	0.038777106
13	0.039215645
13	0.042143443
13	0.034224574
13	0.040248812
13	0.042843366
13	0.035530701
13	0.040306825
13	0.044740492
13	0.045441034
13	0.038905915
13	0.036380843
13	0.03289999
13	0.032306564
13	0.04061634
13	0.035781272
14	0.051221351
14	0.049953856
14	0.047513377
14	0.053228772
14	0.051441026
14	0.053940876
14	0.053264896
14	0.050594046
14	0.043437903
14	0.040867392
14	0.04174636
14	0.042954588
14	0.044612557
14	0.041894095
14	0.044397107
14	0.049455738
14	0.026644996
14	0.04418063
14	0.038097979
14	0.037247258
14	0.037505665
14	0.049377724
14	0.052258195
14	0.030457395
14	0.035157493
14	0.031445196
14	0.030861107
14	0.032450692
14	0.034920167
14	0.037874495
14	0.037139793
14	0.057964405
14	0.038109596
14	0.059741043
14	0.058789754
14	0.042745222
14	0.040000775
14	0.04161255
14	0.03905756
14	0.044141542
14	0.043100285
14	0.043979282
14	0.044388165
14	0.044267232
14	0.03596497
14	0.046003379
14	0.041533982
14	0.047960354
14	0.045740238
14	0.045810452
14	0.040342386
14	0.044493465
14	0.038205979
14	0.038442021
14	0.034024625
14	0.032485437
